frame0000.ply	26.9254	36.3521	34.1292	31120	0.06700292	7.753	960703
frame0001.ply	26.917	36.2831	34.1226	31784	0.06824343	7.81	952178
frame0002.ply	26.7869	36.1875	34.0337	32048	0.06949761	7.732	949129
frame0003.ply	26.9903	36.4207	34.1882	30624	0.0676953	7.723	954852
frame0004.ply	27.0035	36.485	34.1983	30392	0.06606059	7.731	959854
frame0005.ply	27.0775	36.6152	34.4102	30424	0.06491975	7.729	959889
frame0006.ply	27.1632	36.5286	34.2171	27688	0.06774483	7.289	953156
frame0007.ply	27.0516	36.5407	34.2174	28720	0.06553668	7.4	947112
frame0008.ply	27.014	36.4234	34.2535	29120	0.07027535	7.461	960368
frame0009.ply	27.0648	36.4548	34.1236	27576	0.0706683	7.202	958061
frame0010.ply	26.9357	36.4824	34.1846	28920	0.0695637	7.285	956482
frame0011.ply	26.9612	36.5553	34.1383	28040	0.0661134	7.227	955417
frame0012.ply	27.013	36.6741	34.3057	27080	0.0645962	7.183	958615
frame0013.ply	27.1914	36.5529	34.4074	27728	0.0652296	7.335	959478
frame0014.ply	27.2378	36.7498	34.4025	27128	0.0639623	7.585	967615
frame0015.ply	27.3576	36.8218	34.4311	26440	0.0653412	7.149	961783
frame0016.ply	27.2565	36.9613	34.706	26288	0.0637549	7.358	965612
frame0017.ply	27.1749	36.9644	34.6904	26584	0.0661898	7.079	958200
frame0018.ply	27.1596	36.8765	34.5755	25576	0.04823	6.667	955097
frame0019.ply	27.2101	36.9707	34.681	26600	0.0670057	7.083	960959
frame0020.ply	27.1995	36.7928	34.6473	26672	0.0664544	7.113	958187
frame0021.ply	27.2903	37.2127	34.8246	23856	0.0474061	6.507	963526
frame0022.ply	27.3785	37.3008	35.0299	23728	0.0466126	6.544	972887
frame0023.ply	27.3516	37.5788	35.0873	23704	0.0471149	6.289	965423
frame0024.ply	27.3658	37.532	35.2014	24400	0.048286	6.369	958172
frame0025.ply	27.4261	37.2825	34.9603	25192	0.0493455	6.407	959318
frame0026.ply	27.275	37.1929	34.8878	25728	0.0496858	6.384	948051
frame0027.ply	27.1838	37.0256	34.8402	27032	0.0518547	6.392	941611
frame0028.ply	27.1285	36.887	34.6333	27280	0.0519102	6.466	929885
frame0029.ply	27.03	36.8595	34.6085	26992	0.0505609	6.497	923523
frame0030.ply	27.0392	36.6809	34.534	27040	0.0512066	6.44	923347
frame0031.ply	27.0217	36.862	34.5744	26936	0.0516117	6.447	927066
frame0032.ply	27.0874	36.8726	34.729	26624	0.0520108	6.328	921419
frame0033.ply	27.2284	37.0561	34.7889	26368	0.0517856	6.39	926468
frame0034.ply	27.1768	37.1565	34.9213	26192	0.0512657	6.418	931275
frame0035.ply	27.1929	37.0135	34.8755	26848	0.054322	6.22	918635
frame0036.ply	27.1729	37.0327	34.8601	25312	0.0528091	6.118	930133
frame0037.ply	27.0867	37.1125	34.8799	26264	0.0534962	6.224	918173
frame0038.ply	27.0584	36.9302	34.8167	26480	0.0541686	6.093	923617
frame0039.ply	27.1263	37.1233	34.8915	25928	0.0521811	6.299	917298
frame0040.ply	27.2192	37.199	34.969	25288	0.0519117	6.115	930627
frame0041.ply	27.1826	37.2409	35.062	26040	0.053321	6.241	913742
frame0042.ply	27.196	37.1572	34.9266	25192	0.0523854	6.053	924473
frame0043.ply	27.1653	37.2294	34.9689	25472	0.0519907	6.244	905559
frame0044.ply	27.1217	36.9724	34.7595	25360	0.0520002	6.074	904735
frame0045.ply	27.079	37.0695	34.8209	26048	0.0526375	6.258	909416
frame0046.ply	26.9745	36.8788	34.8368	27032	0.0539988	6.208	909620
frame0047.ply	26.7494	36.7306	34.4712	27728	0.053906	6.241	901318
frame0048.ply	26.9661	36.8933	34.702	27208	0.0527543	6.47	907434
frame0049.ply	26.8585	36.8854	34.6968	27480	0.0522204	6.519	885571
frame0050.ply	27.0693	36.9797	34.8378	27064	0.0521398	6.386	901521
frame0051.ply	27.0362	37.0119	34.8763	26904	0.0517557	6.312	896188
frame0052.ply	27.0317	36.9492	34.8497	26168	0.0512789	6.342	891919
frame0053.ply	27.0211	36.7665	34.7767	26632	0.0508668	6.397	889550
frame0054.ply	26.9885	36.9037	34.8743	26048	0.0502211	6.366	904540
frame0055.ply	27.0586	36.8796	34.9259	26560	0.0502061	6.439	893825
frame0056.ply	26.9718	36.9508	34.9251	25936	0.0511639	6.239	900046
frame0057.ply	27.0263	37.0172	35.0216	26504	0.0511328	6.347	898469
frame0058.ply	27.0183	36.9218	34.8976	25728	0.0512338	6.188	895351
frame0059.ply	26.9947	36.8625	34.733	26496	0.051997	6.279	892609
frame0060.ply	26.9868	36.9111	34.7359	26256	0.051287	6.296	903848
frame0061.ply	26.9566	36.8916	34.7338	27352	0.0525102	6.372	903500
frame0062.ply	27.0522	36.8313	34.7418	26160	0.0517592	6.257	909375
frame0063.ply	26.96	36.7759	34.6756	27848	0.0530281	6.475	922063
frame0064.ply	26.9388	36.7578	34.6189	27560	0.0524005	6.403	981998
frame0065.ply	26.9166	36.7998	34.7761	27048	0.0508478	6.492	1044668
frame0066.ply	26.9513	36.8622	34.7386	27552	0.0523965	6.433	1184649
frame0067.ply	26.9828	36.8796	34.713	28192	0.0520435	6.579	1289003
frame0068.ply	26.9847	36.7311	34.6543	26992	0.0520271	6.334	1389266
frame0069.ply	27.0391	36.7137	34.6431	27784	0.0517123	6.622	1423669
frame0070.ply	26.8953	36.6461	34.5702	27896	0.0528249	6.458	1466694
frame0071.ply	27.046	36.6977	34.5671	28048	0.0539472	6.419	1468667
frame0072.ply	26.8994	36.4897	34.5726	27832	0.0547192	6.309	1449437
frame0073.ply	26.9348	36.4826	34.5017	27776	0.0539811	6.352	1438471
frame0074.ply	26.9747	36.5554	34.5246	27408	0.0526703	6.319	1418866
frame0075.ply	26.9754	36.5408	34.4221	27656	0.0535005	6.321	1463456
frame0076.ply	26.9608	36.5763	34.5146	27792	0.0535347	6.289	1454905
frame0077.ply	26.8191	36.4267	34.3182	28296	0.054967	6.335	1469391
frame0078.ply	26.7658	36.3865	34.2667	28640	0.0552421	6.369	1459966
frame0079.ply	26.7135	36.3796	34.2889	28752	0.0546358	6.444	1451967
frame0080.ply	26.8119	36.4441	34.2952	28856	0.0560167	6.33	1475797
frame0081.ply	26.8751	36.5777	34.3783	29744	0.0562813	6.482	1484814
frame0082.ply	26.7942	36.354	34.2561	29192	0.0556766	6.455	1414040
frame0083.ply	26.9362	36.5283	34.4079	28872	0.0550697	6.424	1470959
frame0084.ply	26.8376	36.5662	34.4972	29832	0.0562911	6.522	1438796
frame0085.ply	26.8669	36.7824	34.6091	29024	0.0546364	6.523	1447874
frame0086.ply	26.9131	36.8495	34.6837	28392	0.0543676	6.392	1474871
frame0087.ply	26.9917	37.0658	34.7679	28440	0.0541491	6.449	1448832
frame0088.ply	27.1012	37.272	34.9921	27488	0.0523941	6.474	1489816
frame0089.ply	27.2578	37.5104	35.351	26888	0.052173	6.429	1487964
frame0090.ply	27.3684	37.5271	35.3936	26056	0.0505362	6.445	1490975
frame0091.ply	27.5591	37.7075	35.6844	26096	0.0490746	6.719	1493848
frame0092.ply	27.5337	37.5724	35.3839	23768	0.0333234	6.269	1400977
frame0093.ply	27.3661	37.4731	35.2624	25472	0.0349306	6.436	1335004
frame0094.ply	27.2631	37.1879	35.0322	26072	0.0342847	6.737	1219537
frame0095.ply	27.3267	37.1828	35.0576	24720	0.0341962	6.455	1029896
frame0096.ply	27.3174	37.3023	35.1031	26624	0.0347925	6.837	942890
frame0097.ply	27.2939	37.3226	35.1131	26520	0.0343597	6.821	908281
frame0098.ply	27.2293	37.2247	34.9255	26832	0.0336321	6.867	900013
frame0099.ply	27.1909	37.2126	34.864	27648	0.0357913	6.892	915676
frame0100.ply	27.1507	37.1376	34.8951	28624	0.051096	7.208	909670
frame0101.ply	27.1116	36.8722	34.7032	28656	0.0534439	7.081	924218
frame0102.ply	27.0656	36.8517	34.6248	29824	0.0545599	7.27	911880
frame0103.ply	27.1756	36.9516	34.6846	29304	0.0526603	7.376	906065
frame0104.ply	27.0151	36.8416	34.5973	28960	0.0349393	7.204	915025
frame0105.ply	27.0608	36.8738	34.619	29352	0.035319	7.181	929436
frame0106.ply	27.1297	36.997	34.71	28896	0.035279	7.143	938912
frame0107.ply	27.3895	37.1948	34.8977	28008	0.0338628	7.17	942155
frame0108.ply	27.495	37.3757	34.9872	28512	0.0342198	7.235	973390
frame0109.ply	27.8347	37.2951	34.9405	25296	0.0327902	6.775	979861
frame0110.ply	27.6016	37.0766	34.8073	28272	0.0339137	7.226	1000493
frame0111.ply	27.7363	37.1127	34.7157	27656	0.0332654	7.201	1000774
frame0112.ply	27.2815	36.7601	34.2416	30384	0.0371409	7.105	1001474
frame0113.ply	27.1035	36.5959	34.1036	31080	0.0374648	7.163	1024402
frame0114.ply	27.1305	36.6102	34.0481	31128	0.0372006	7.275	1014004
frame0115.ply	27.5446	36.9035	34.2864	29736	0.0347952	7.385	1027824
frame0116.ply	27.8071	36.9293	34.5137	27904	0.0338964	7.124	1028960
frame0117.ply	28.0426	37.1857	34.7843	26672	0.0318061	7.233	1018972
frame0118.ply	27.9963	37.1805	34.9828	23616	0.0323038	6.306	1012591
frame0119.ply	28.0496	37.4308	35.3637	23136	0.0299551	6.67	1001271
frame0120.ply	27.8593	37.4336	35.1776	23344	0.0312875	6.443	1010416
frame0121.ply	27.7611	37.5272	35.3232	20816	0.0307671	5.96	971916
frame0122.ply	27.6813	37.6406	35.1572	21896	0.0317223	6.226	1003489
frame0123.ply	27.5225	37.3629	35.0699	23208	0.0460904	6.437	980440
frame0124.ply	27.358	37.0549	34.6618	22184	0.0337302	5.967	954320
frame0125.ply	27.2224	36.9123	34.5179	26432	0.0496982	6.45	952005
frame0126.ply	27.1022	36.9101	34.4221	28216	0.0690448	7.075	965466
frame0127.ply	26.9748	36.4625	34.1874	28680	0.0687874	7.126	907397
frame0128.ply	27.0735	36.5318	34.295	28880	0.0678412	7.252	912852
frame0129.ply	26.9436	36.4145	34.1758	29864	0.0695752	7.293	929095
frame0130.ply	26.9506	36.3444	34.0696	28600	0.0687636	7.105	899562
frame0131.ply	26.9209	36.4827	34.1543	29504	0.0671287	7.56	919470
frame0132.ply	26.9477	36.481	34.2195	29224	0.0660722	7.372	862219
frame0133.ply	26.8628	36.3835	34.1947	29368	0.0682268	7.187	901500
frame0134.ply	26.9442	36.5998	34.3462	29184	0.067187	7.375	886708
frame0135.ply	26.9653	36.5092	34.3287	29952	0.0685153	7.366	894232
frame0136.ply	26.9541	36.532	34.2656	29360	0.068839	7.251	880218
frame0137.ply	26.9354	36.503	34.4148	29504	0.0683475	7.348	891481
frame0138.ply	27.1078	36.4822	34.511	28912	0.0665932	7.335	887033
frame0139.ply	26.9239	36.3727	34.3662	29408	0.0679819	7.325	908892
frame0140.ply	27.0357	36.5223	34.3323	28888	0.0675785	7.208	914692
frame0141.ply	26.9816	36.6375	34.3285	28704	0.0675095	7.231	919341
frame0142.ply	27.0361	36.5872	34.3413	28272	0.0677829	7.088	928464
frame0143.ply	27.0249	36.4806	34.4006	28128	0.0667726	7.127	918053
frame0144.ply	26.9806	36.4088	34.429	28944	0.0686662	7.072	945683
frame0145.ply	27.0776	36.3206	34.1635	27944	0.0686013	6.966	969072
frame0146.ply	26.9699	36.2245	34.1003	27464	0.0697414	6.694	960616
frame0147.ply	26.8314	36.1193	34.084	28464	0.0709696	6.835	938690
frame0148.ply	26.8278	36.0851	33.9858	26880	0.0524345	6.094	961158
frame0149.ply	26.8685	35.986	33.9062	27912	0.0513718	6.287	961957
frame0150.ply	26.842	36.0434	34.0663	26968	0.0519713	6.145	961476
frame0151.ply	26.9142	35.9689	33.9651	26696	0.0532733	6.07	975114
frame0152.ply	26.8837	35.9033	33.8571	26072	0.0529662	5.939	968768
frame0153.ply	27.1102	36.0501	33.9718	25960	0.0525659	6.11	971271
frame0154.ply	27.0466	35.9444	33.7248	24432	0.0384011	5.692	963890
frame0155.ply	27.1759	35.9567	33.7288	25184	0.051259	6.003	952174
frame0156.ply	27.1521	35.9525	33.7186	24760	0.0496641	5.863	946103
frame0157.ply	27.011	35.8385	33.5508	25408	0.0687478	6.203	921654
frame0158.ply	27.0902	35.7221	33.5198	24512	0.0487735	5.869	913820
frame0159.ply	26.9812	35.699	33.5276	26472	0.0687325	6.405	929017
frame0160.ply	26.8855	35.5522	33.3527	26320	0.0688972	6.244	890842
frame0161.ply	26.8953	35.5482	33.4677	26272	0.0704586	6.255	919202
frame0162.ply	27.006	35.5914	33.4322	25040	0.0523468	5.758	887426
frame0163.ply	26.9269	35.4542	33.5021	26472	0.0527804	5.913	896414
frame0164.ply	26.9764	35.5878	33.6146	26384	0.0536846	5.879	907807
frame0165.ply	26.8358	35.2619	33.3328	26800	0.0413619	5.809	872900
frame0166.ply	26.8607	35.3332	33.5559	26888	0.0410299	5.932	902397
frame0167.ply	26.926	35.2166	33.4984	26384	0.0402461	5.915	906361
frame0168.ply	26.8447	35.434	33.5225	26792	0.0402265	5.853	901584
frame0169.ply	26.898	35.6706	33.4956	26832	0.0403638	5.862	907418
frame0170.ply	26.9637	35.676	33.6397	26608	0.0398451	5.931	914163
frame0171.ply	26.9515	35.6403	33.5199	26536	0.0401767	5.947	911913
frame0172.ply	26.9584	35.5295	33.6209	26192	0.0404705	5.944	926009
frame0173.ply	26.9079	35.6054	33.5102	27232	0.0408345	6.011	923764
frame0174.ply	26.9283	35.427	33.422	26712	0.0399503	6.095	949513
frame0175.ply	26.9227	35.4854	33.5452	27376	0.0409219	6.098	954693
frame0176.ply	26.8876	35.4417	33.4885	28936	0.0419064	6.239	944398
frame0177.ply	26.7924	35.2987	33.3857	29104	0.0412981	6.309	960043
frame0178.ply	26.8088	35.424	33.3671	28376	0.0400073	6.341	955112
frame0179.ply	26.7871	35.3773	33.5141	28264	0.0398755	6.334	952683
frame0180.ply	26.8187	35.3314	33.4173	28024	0.0394735	6.281	955477
frame0181.ply	26.6807	35.3422	33.3171	28208	0.0399721	6.308	942918
frame0182.ply	26.6931	35.3487	33.318	28464	0.0403425	6.274	941599
frame0183.ply	26.8882	35.3334	33.4722	27544	0.0389236	6.355	949825
frame0184.ply	26.8258	35.3248	33.4545	27568	0.0396892	6.252	940022
frame0185.ply	26.8819	35.2976	33.4281	27488	0.0395296	6.315	946683
frame0186.ply	26.8346	35.3687	33.551	27648	0.0399054	6.232	944577
frame0187.ply	26.8158	35.475	33.5298	27344	0.0394646	6.261	939524
frame0188.ply	26.8224	35.3762	33.5165	27464	0.0399275	6.254	933962
frame0189.ply	26.8465	35.5268	33.5187	28056	0.0401475	6.238	930995
frame0190.ply	26.8481	35.4972	33.5505	27576	0.04026	6.273	934466
frame0191.ply	26.8845	35.3687	33.5213	27920	0.0398779	6.227	935089
frame0192.ply	26.913	35.5951	33.6844	26704	0.0394734	6.163	928746
frame0193.ply	26.919	35.5767	33.5781	27496	0.0396734	6.169	933797
frame0194.ply	26.9608	35.8279	33.8269	26816	0.0390097	6.205	936186
frame0195.ply	26.9724	35.7435	33.7641	26728	0.0398244	6.11	937365
frame0196.ply	26.9766	35.5882	33.6906	26240	0.0391351	6.084	940715
frame0197.ply	27.0381	35.8262	33.8311	25608	0.0373501	6.151	948341
frame0198.ply	27.0035	35.8061	33.7371	25480	0.038414	5.954	945276
frame0199.ply	26.9991	35.6983	33.7377	25768	0.0380034	6.102	923228
frame0200.ply	27.0706	35.8621	33.8614	25968	0.0390076	6.02	929098
frame0201.ply	27.1823	36.0524	33.8448	26120	0.0393329	5.942	919037
frame0202.ply	27.2127	36.1271	34.0318	24960	0.0385464	5.84	915412
frame0203.ply	27.2107	36.2392	34.1093	24952	0.0382451	5.888	925256
frame0204.ply	27.2694	36.3809	34.209	23968	0.0379986	5.771	913507
frame0205.ply	27.2899	36.7506	34.2231	24464	0.0368407	5.93	913577
frame0206.ply	27.3782	36.9203	34.5022	23504	0.0353102	5.863	904123
frame0207.ply	27.2503	36.411	34.2253	23248	0.0345994	5.8	913526
frame0208.ply	27.268	36.5001	34.2584	23080	0.0348722	5.829	907146
frame0209.ply	27.233	36.3358	34.1464	22936	0.0340754	5.787	920319
frame0210.ply	27.1458	36.2503	34.0944	23144	0.0350545	5.787	919468
frame0211.ply	27.0831	36.1427	33.995	23712	0.0354312	5.885	919285
frame0212.ply	27.0328	36.0471	33.9645	24656	0.0492258	5.866	930808
frame0213.ply	27.0053	36.0292	33.9428	24400	0.0354823	5.873	930173
frame0214.ply	26.9426	36.0474	33.9856	25008	0.0367525	5.929	928013
frame0215.ply	26.9856	36.0429	33.8495	25096	0.0369447	5.852	938301
frame0000.ply	29.3519	37.3109	35.0957	68560	0.1431434	7.697	960703
frame0001.ply	29.3305	37.1373	35.0229	68960	0.1424405	7.728	952178
frame0002.ply	29.2504	37.0856	34.9837	70944	0.146955	7.701	949129
frame0003.ply	29.438	37.3959	35.096	66552	0.1418406	7.711	954852
frame0004.ply	29.5074	37.4313	35.1169	67016	0.1404573	7.702	959854
frame0005.ply	29.5373	37.4695	35.3603	67064	0.1400413	7.725	959889
frame0006.ply	29.626	37.491	35.1293	60184	0.1407268	7.336	953156
frame0007.ply	29.4596	37.4479	35.0892	62248	0.1383413	7.517	947112
frame0008.ply	29.399	37.4813	35.2086	63184	0.1433355	7.52	960368
frame0009.ply	29.5155	37.3617	35.0896	59744	0.1436524	7.421	958061
frame0010.ply	29.4064	37.4651	35.1986	63896	0.1423025	7.568	956482
frame0011.ply	29.4125	37.4737	35.1016	61936	0.1368329	7.399	955417
frame0012.ply	29.4713	37.4505	35.1767	60344	0.1380138	7.277	958615
frame0013.ply	29.5901	37.539	35.2784	59624	0.1349777	7.479	959478
frame0014.ply	29.6674	37.6969	35.3816	59160	0.1335815	7.566	967615
frame0015.ply	29.7558	37.7447	35.3997	56536	0.1349427	7.317	961783
frame0016.ply	29.7271	37.9709	35.65	58552	0.1364301	7.461	965612
frame0017.ply	29.6317	37.8548	35.5993	58376	0.1420927	7.2	958200
frame0018.ply	29.5612	37.8166	35.5043	56816	0.1021839	6.639	955097
frame0019.ply	29.652	37.8838	35.6191	57768	0.1414831	7.273	960959
frame0020.ply	29.5539	37.8404	35.5394	57840	0.1409984	7.242	958187
frame0021.ply	29.7598	38.2029	35.7215	54272	0.1017861	6.736	963526
frame0022.ply	29.8535	38.312	35.8642	53232	0.1002452	6.769	972887
frame0023.ply	29.854	38.628	36.0778	52888	0.1012055	6.378	965423
frame0024.ply	29.8298	38.5576	36.0365	54240	0.1045529	6.428	958172
frame0025.ply	29.8718	38.279	35.7516	54352	0.1050221	6.429	959318
frame0026.ply	29.8142	38.2407	35.8488	56552	0.106124	6.552	948051
frame0027.ply	29.667	38.0677	35.6793	57544	0.1073531	6.416	941611
frame0028.ply	29.6034	37.9073	35.519	58832	0.1079592	6.692	929885
frame0029.ply	29.5339	37.8532	35.5225	59448	0.1085468	6.604	923523
frame0030.ply	29.4315	37.7143	35.4732	58640	0.1087643	6.487	923347
frame0031.ply	29.4563	37.741	35.557	59432	0.1096812	6.593	927066
frame0032.ply	29.5115	37.9118	35.6319	57904	0.1085697	6.415	921419
frame0033.ply	29.6828	38.0796	35.7379	56888	0.1080374	6.557	926468
frame0034.ply	29.6645	38.1308	35.7779	56792	0.1077999	6.54	931275
frame0035.ply	29.6576	38.1112	35.7863	56488	0.1111714	6.318	918635
frame0036.ply	29.601	38.0848	35.7165	55272	0.1109795	6.346	930133
frame0037.ply	29.5916	38.0924	35.7757	56872	0.1121559	6.323	918173
frame0038.ply	29.5122	37.9136	35.6555	56304	0.1115022	6.156	923617
frame0039.ply	29.6228	38.038	35.7009	56160	0.109937	6.355	917298
frame0040.ply	29.6905	38.2347	35.8831	54776	0.1086983	6.167	930627
frame0041.ply	29.6638	38.2045	35.8489	55440	0.1087537	6.26	913742
frame0042.ply	29.7607	38.1417	35.8224	54848	0.1095599	6.143	924473
frame0043.ply	29.6694	38.1827	35.8557	55424	0.1085808	6.222	905559
frame0044.ply	29.5914	37.8984	35.651	54800	0.1092596	6.134	904735
frame0045.ply	29.595	37.967	35.6368	56224	0.1090194	6.269	909416
frame0046.ply	29.4268	37.7911	35.6659	58304	0.1113039	6.26	909620
frame0047.ply	29.1983	37.6102	35.3558	60832	0.1143221	6.261	901318
frame0048.ply	29.3997	37.7944	35.5082	59072	0.1098289	6.532	907434
frame0049.ply	29.3458	37.7808	35.5478	60560	0.1113468	6.608	885571
frame0050.ply	29.4755	38.0185	35.7334	58424	0.1086963	6.579	901521
frame0051.ply	29.4952	37.9709	35.7356	58408	0.1092551	6.527	896188
frame0052.ply	29.4706	37.8644	35.6765	57312	0.1100695	6.542	891919
frame0053.ply	29.4718	37.8033	35.6748	59248	0.1106562	6.723	889550
frame0054.ply	29.4146	37.7419	35.7518	57584	0.1091047	6.401	904540
frame0055.ply	29.4553	37.7812	35.8143	58552	0.1079663	6.475	893825
frame0056.ply	29.3532	37.9004	35.7148	56776	0.1089192	6.34	900046
frame0057.ply	29.4392	37.976	35.8453	58536	0.1102313	6.395	898469
frame0058.ply	29.4544	37.8567	35.6902	56304	0.1096531	6.243	895351
frame0059.ply	29.4431	37.7591	35.6254	58352	0.1117932	6.335	892609
frame0060.ply	29.4898	37.8221	35.6101	57664	0.1099467	6.333	903848
frame0061.ply	29.3885	37.7464	35.5798	59192	0.1114122	6.399	903500
frame0062.ply	29.4945	37.7772	35.5707	57168	0.1106331	6.321	909375
frame0063.ply	29.4126	37.7078	35.544	60576	0.1117526	6.543	922063
frame0064.ply	29.379	37.6552	35.5063	60144	0.111867	6.406	981998
frame0065.ply	29.3801	37.7031	35.6204	59808	0.1102997	6.517	1044668
frame0066.ply	29.4038	37.7249	35.6159	60448	0.1124643	6.461	1184649
frame0067.ply	29.3867	37.7152	35.5682	62064	0.1123469	6.645	1289003
frame0068.ply	29.4424	37.6137	35.4485	59080	0.1122081	6.467	1389266
frame0069.ply	29.4378	37.5735	35.5123	60472	0.1103873	6.642	1423669
frame0070.ply	29.3886	37.5	35.4165	61320	0.1147593	6.493	1466694
frame0071.ply	29.4501	37.5106	35.454	59480	0.1124785	6.452	1468667
frame0072.ply	29.4157	37.4162	35.4781	60712	0.1158166	6.353	1449437
frame0073.ply	29.4106	37.461	35.4121	60416	0.1144967	6.359	1438471
frame0074.ply	29.3656	37.5202	35.3462	59160	0.1113609	6.379	1418866
frame0075.ply	29.3494	37.4132	35.329	59576	0.1128376	6.402	1463456
frame0076.ply	29.4098	37.4461	35.4253	60112	0.1140109	6.291	1454905
frame0077.ply	29.3252	37.3019	35.2908	62152	0.1178126	6.364	1469391
frame0078.ply	29.2358	37.2555	35.2522	62640	0.1179465	6.397	1459966
frame0079.ply	29.1765	37.3053	35.2694	64064	0.1190134	6.513	1451967
frame0080.ply	29.2737	37.3671	35.2978	62136	0.1181967	6.385	1475797
frame0081.ply	29.2892	37.4169	35.3455	63360	0.1170008	6.593	1484814
frame0082.ply	29.2322	37.3612	35.2405	63152	0.1182086	6.596	1414040
frame0083.ply	29.4072	37.497	35.3966	61536	0.1142047	6.603	1470959
frame0084.ply	29.3299	37.579	35.4151	64256	0.1175829	6.612	1438796
frame0085.ply	29.3375	37.7194	35.4673	62856	0.1149422	6.583	1447874
frame0086.ply	29.3988	37.8601	35.6477	61824	0.1152792	6.527	1474871
frame0087.ply	29.4888	38.1035	35.7492	61504	0.1143987	6.616	1448832
frame0088.ply	29.6281	38.3275	35.9321	59776	0.11051	6.633	1489816
frame0089.ply	29.8548	38.7131	36.1992	58024	0.1088154	6.578	1487964
frame0090.ply	29.987	38.7594	36.331	56784	0.1069483	6.524	1490975
frame0091.ply	30.0526	38.9397	36.5179	56152	0.1025849	6.782	1493848
frame0092.ply	30.0545	38.7551	36.32	52112	0.0736384	6.311	1400977
frame0093.ply	29.9181	38.5333	36.0952	55096	0.0764941	6.507	1335004
frame0094.ply	29.8024	38.3313	35.9608	57288	0.0758154	6.806	1219537
frame0095.ply	29.8716	38.3319	35.9701	54784	0.0759573	6.518	1029896
frame0096.ply	29.8319	38.3985	36.0018	58160	0.0761954	6.932	942890
frame0097.ply	29.8939	38.3326	36.0026	59192	0.0769064	6.899	908281
frame0098.ply	29.7628	38.2521	35.8717	58848	0.0737241	6.965	900013
frame0099.ply	29.6802	38.1653	35.747	60792	0.0792311	7.002	915676
frame0100.ply	29.6508	38.249	35.8062	63224	0.110841	7.253	909670
frame0101.ply	29.6217	37.9788	35.659	62976	0.1143574	7.222	924218
frame0102.ply	29.5237	37.9386	35.6153	64952	0.114735	7.316	911880
frame0103.ply	29.6129	38.0048	35.6637	64672	0.1130511	7.38	906065
frame0104.ply	29.4994	37.9525	35.5678	64856	0.0779842	7.232	915025
frame0105.ply	29.5751	37.9133	35.5904	64400	0.0773965	7.22	929436
frame0106.ply	29.5975	38.1241	35.6838	62600	0.0763862	7.193	938912
frame0107.ply	29.938	38.3674	35.9143	60784	0.0734639	7.186	942155
frame0108.ply	29.9411	38.4742	36.1278	60768	0.0728924	7.263	973390
frame0109.ply	30.3471	38.3325	35.9709	53424	0.0693909	6.845	979861
frame0110.ply	30.1599	38.2847	36.059	61528	0.074394	7.28	1000493
frame0111.ply	30.2379	38.2278	35.9316	59496	0.0718103	7.256	1000774
frame0112.ply	29.9021	37.8044	35.3925	66336	0.081231	7.133	1001474
frame0113.ply	29.7096	37.526	35.1142	67504	0.0815977	7.211	1024402
frame0114.ply	29.6503	37.6031	35.1741	67800	0.081303	7.334	1014004
frame0115.ply	30.0724	37.9059	35.5652	64616	0.0755707	7.384	1027824
frame0116.ply	30.3282	37.9778	35.7073	58968	0.0717478	7.14	1028960
frame0117.ply	30.5573	38.2503	36.0149	56768	0.0677945	7.275	1018972
frame0118.ply	30.5254	38.3037	36.2491	49664	0.0680217	6.35	1012591
frame0119.ply	30.5384	38.6004	36.5223	49496	0.064174	6.681	1001271
frame0120.ply	30.369	38.4929	36.2234	50232	0.0677894	6.437	1010416
frame0121.ply	30.253	38.7782	36.2691	46176	0.068327	5.957	971916
frame0122.ply	30.1211	38.6672	36.1137	47944	0.0692732	6.279	1003489
frame0123.ply	29.9702	38.4382	36.044	52752	0.1002799	6.462	980440
frame0124.ply	29.8705	38.1178	35.6129	50224	0.0762759	5.98	954320
frame0125.ply	29.7484	37.9428	35.4026	57424	0.1035378	6.485	952005
frame0126.ply	29.612	37.8382	35.2781	61376	0.1469246	7.084	965466
frame0127.ply	29.4455	37.3938	35.0716	62776	0.1477215	7.15	907397
frame0128.ply	29.5139	37.3743	35.1344	62208	0.1431868	7.282	912852
frame0129.ply	29.351	37.2993	35.1209	65096	0.1476866	7.303	929095
frame0130.ply	29.3083	37.2548	34.9803	61824	0.1446576	7.093	899562
frame0131.ply	29.3369	37.3192	35.0831	64888	0.1418444	7.459	919470
frame0132.ply	29.3689	37.3782	35.1119	63944	0.1399826	7.392	862219
frame0133.ply	29.2847	37.3596	35.1097	63648	0.1448644	7.212	901500
frame0134.ply	29.3628	37.5205	35.2962	64000	0.1434865	7.383	886708
frame0135.ply	29.3389	37.4076	35.2461	64824	0.1457847	7.386	894232
frame0136.ply	29.3835	37.4648	35.2017	63304	0.1449026	7.22	880218
frame0137.ply	29.437	37.5048	35.3853	64720	0.1467182	7.398	891481
frame0138.ply	29.51	37.4734	35.3882	62040	0.1410977	7.353	887033
frame0139.ply	29.394	37.4596	35.3676	64784	0.1465954	7.318	908892
frame0140.ply	29.4833	37.4841	35.2629	62536	0.1433819	7.244	914692
frame0141.ply	29.4211	37.5912	35.3176	62792	0.1444454	7.268	919341
frame0142.ply	29.5027	37.5083	35.3288	61728	0.1450613	7.095	928464
frame0143.ply	29.4391	37.5287	35.4236	61768	0.1437088	7.123	918053
frame0144.ply	29.4611	37.4211	35.4027	63392	0.148381	7.063	945683
frame0145.ply	29.5017	37.2157	35.0946	60472	0.1456021	6.992	969072
frame0146.ply	29.3983	37.2111	35.1585	60408	0.1510481	6.73	960616
frame0147.ply	29.3455	37.0048	35.037	62088	0.1524512	6.852	938690
frame0148.ply	29.2492	37.0071	35.0071	59608	0.1121445	6.105	961158
frame0149.ply	29.3126	36.9541	35.0213	61112	0.11021	6.318	961957
frame0150.ply	29.2968	36.9568	35.0986	59776	0.1118311	6.217	961476
frame0151.ply	29.361	36.9271	34.9216	58016	0.113147	6.051	975114
frame0152.ply	29.3195	36.8622	34.8572	57440	0.1137218	5.959	968768
frame0153.ply	29.5373	36.9923	34.9925	56616	0.1122443	6.154	971271
frame0154.ply	29.4955	36.8315	34.7909	53936	0.0847666	5.739	963890
frame0155.ply	29.5895	36.8323	34.8876	54840	0.1090093	5.979	952174
frame0156.ply	29.5737	36.8535	34.8218	53536	0.105636	5.92	946103
frame0157.ply	29.4895	36.6603	34.6162	55456	0.1477557	6.226	921654
frame0158.ply	29.536	36.575	34.6221	54376	0.1048232	5.857	913820
frame0159.ply	29.4463	36.6365	34.6384	57064	0.1462261	6.417	929017
frame0160.ply	29.3769	36.4942	34.5896	58552	0.1495942	6.235	890842
frame0161.ply	29.3893	36.4192	34.5208	57296	0.1477459	6.26	919202
frame0162.ply	29.4157	36.4863	34.594	55008	0.1121108	5.647	887426
frame0163.ply	29.3792	36.3898	34.6491	58960	0.1152846	5.915	896414
frame0164.ply	29.3831	36.5469	34.7529	57704	0.1138267	5.864	907807
frame0165.ply	29.2914	36.1852	34.4043	57144	0.0884316	5.836	872900
frame0166.ply	29.2957	36.3552	34.6579	58936	0.0908938	5.977	902397
frame0167.ply	29.3208	36.4712	34.8263	58488	0.0901448	5.885	906361
frame0168.ply	29.3467	36.4389	34.6109	58600	0.0896848	5.849	901584
frame0169.ply	29.3557	36.566	34.6144	58472	0.089122	5.857	907418
frame0170.ply	29.4573	36.5542	34.6198	57600	0.0870274	5.95	914163
frame0171.ply	29.4682	36.5864	34.6238	57704	0.0883471	5.971	911913
frame0172.ply	29.4657	36.489	34.7092	56816	0.0878313	5.93	926009
frame0173.ply	29.3588	36.5324	34.6495	58896	0.0893184	6.036	923764
frame0174.ply	29.3429	36.4017	34.5251	58120	0.0884326	6.093	949513
frame0175.ply	29.3174	36.4219	34.507	58576	0.0874914	6.13	954693
frame0176.ply	29.249	36.5455	34.7583	63472	0.0924691	6.23	944398
frame0177.ply	29.2624	36.3589	34.486	63360	0.0904117	6.268	960043
frame0178.ply	29.1845	36.319	34.48	62528	0.0884077	6.332	955112
frame0179.ply	29.1456	36.4044	34.715	63360	0.0899983	6.366	952683
frame0180.ply	29.2049	36.3672	34.5254	62576	0.0886582	6.324	955477
frame0181.ply	29.1011	36.2868	34.517	62920	0.0902189	6.286	942918
frame0182.ply	29.0987	36.2802	34.4518	63272	0.0903325	6.274	941599
frame0183.ply	29.2626	36.3577	34.5509	61048	0.0869121	6.364	949825
frame0184.ply	29.1763	36.3774	34.5895	61264	0.0889511	6.269	940022
frame0185.ply	29.2517	36.2874	34.5089	60376	0.0877188	6.299	946683
frame0186.ply	29.2385	36.3853	34.6756	61016	0.0888559	6.249	944577
frame0187.ply	29.1919	36.457	34.5874	60744	0.0877976	6.242	939524
frame0188.ply	29.2121	36.3385	34.5744	60488	0.0882893	6.237	933962
frame0189.ply	29.2347	36.3991	34.5665	61312	0.0890901	6.25	930995
frame0190.ply	29.2329	36.4504	34.5861	60128	0.0880402	6.209	934466
frame0191.ply	29.248	36.4731	34.7023	61432	0.0882716	6.225	935089
frame0192.ply	29.3308	36.6033	34.7396	58704	0.0870559	6.158	928746
frame0193.ply	29.3217	36.5835	34.7407	60248	0.0881489	6.141	933797
frame0194.ply	29.3614	36.8079	34.9453	59248	0.0868631	6.177	936186
frame0195.ply	29.3415	36.7195	34.7698	57968	0.0880121	6.112	937365
frame0196.ply	29.3526	36.7123	34.8765	59096	0.0888496	6.083	940715
frame0197.ply	29.4027	36.8274	34.8821	56504	0.0835632	6.156	948341
frame0198.ply	29.4034	36.7596	34.8342	56304	0.0855269	5.988	945276
frame0199.ply	29.4298	36.8047	34.9494	57808	0.0861691	6.078	923228
frame0200.ply	29.5257	36.8878	34.9551	57576	0.0871494	6.004	929098
frame0201.ply	29.5681	36.9728	34.9347	55920	0.0853901	5.978	919037
frame0202.ply	29.6342	37.1123	35.0466	53304	0.0830101	5.857	915412
frame0203.ply	29.6861	37.2539	35.179	54264	0.0845146	5.892	925256
frame0204.ply	29.762	37.4527	35.2659	51264	0.0821858	5.756	913507
frame0205.ply	29.7824	37.6645	35.2565	52456	0.0796036	5.937	913577
frame0206.ply	29.826	37.8896	35.5515	50952	0.0778992	5.854	904123
frame0207.ply	29.6789	37.5416	35.4091	52008	0.0790052	5.809	913526
frame0208.ply	29.737	37.5463	35.3646	50728	0.0772964	5.896	907146
frame0209.ply	29.6376	37.4147	35.2985	51312	0.0775152	5.832	920319
frame0210.ply	29.5497	37.2407	35.0558	51168	0.0785629	5.8	919468
frame0211.ply	29.5246	37.0762	35.0787	53224	0.0799023	5.914	919285
frame0212.ply	29.4698	37.0048	34.9704	54768	0.1078036	5.881	930808
frame0213.ply	29.3833	36.9657	34.8708	53912	0.0799698	5.881	930173
frame0214.ply	29.3308	36.9875	34.9821	55144	0.0822903	5.913	928013
frame0215.ply	29.3509	36.8616	34.8009	55144	0.0825188	5.913	938301
frame0000.ply	32.392	38.7101	36.9376	165280	0.3438327	7.762	960703
frame0001.ply	32.3613	38.6083	36.917	169160	0.3446924	7.785	952178
frame0002.ply	32.3223	38.5422	36.9045	173328	0.3579742	7.73	949129
frame0003.ply	32.503	38.7386	36.9129	160288	0.3337844	7.759	954852
frame0004.ply	32.5833	38.8069	36.9777	161080	0.3326699	7.715	959854
frame0005.ply	32.6278	39.0021	37.2249	163576	0.3296288	7.762	959889
frame0006.ply	32.6523	38.8958	36.9679	144880	0.324574	7.294	953156
frame0007.ply	32.5368	38.7653	36.9303	151912	0.3293583	7.461	947112
frame0008.ply	32.5112	38.816	37.1084	156448	0.3429314	7.385	960368
frame0009.ply	32.5837	38.7579	36.8868	147104	0.3395257	7.228	958061
frame0010.ply	32.5176	38.8397	37.0379	155064	0.3414651	7.316	956482
frame0011.ply	32.5111	38.8789	36.9668	153952	0.3342549	7.289	955417
frame0012.ply	32.5253	38.7906	37.0086	146072	0.3256467	7.198	958615
frame0013.ply	32.5798	38.8456	37.111	144992	0.3214796	7.361	959478
frame0014.ply	32.7132	39.0043	37.1709	145152	0.316823	7.532	967615
frame0015.ply	32.767	39.08	37.2586	138472	0.3209982	7.162	961783
frame0016.ply	32.7681	39.3504	37.4334	143456	0.3257017	7.317	965612
frame0017.ply	32.6788	39.2165	37.3254	141352	0.337151	7.074	958200
frame0018.ply	32.6264	39.1811	37.2525	141384	0.2471129	6.581	955097
frame0019.ply	32.6471	39.2824	37.4395	141488	0.3414364	7.106	960959
frame0020.ply	32.6027	39.2108	37.3333	142096	0.3419271	7.062	958187
frame0021.ply	32.8515	39.433	37.4005	133576	0.2415254	6.509	963526
frame0022.ply	32.9172	39.618	37.5843	130648	0.2393814	6.546	972887
frame0023.ply	32.998	39.9879	37.7937	128640	0.2419254	6.292	965423
frame0024.ply	33.0019	39.8599	37.8221	130328	0.2485043	6.374	958172
frame0025.ply	33.0087	39.6077	37.624	128488	0.2462773	6.359	959318
frame0026.ply	32.984	39.6208	37.7318	135712	0.2509443	6.425	948051
frame0027.ply	32.8497	39.3875	37.5293	138648	0.2542597	6.377	941611
frame0028.ply	32.7087	39.2406	37.3824	141488	0.2532884	6.482	929885
frame0029.ply	32.6351	39.1952	37.37	144480	0.2577747	6.458	923523
frame0030.ply	32.5856	39.0441	37.2864	143424	0.2598248	6.458	923347
frame0031.ply	32.6245	39.1561	37.4112	145832	0.2617147	6.397	927066
frame0032.ply	32.6751	39.3281	37.4834	139824	0.2586673	6.265	921419
frame0033.ply	32.7889	39.3693	37.5519	135664	0.2547052	6.396	926468
frame0034.ply	32.8129	39.5418	37.6447	136744	0.2540706	6.37	931275
frame0035.ply	32.7937	39.4912	37.5636	136080	0.2636839	6.219	918635
frame0036.ply	32.7298	39.4015	37.4867	131816	0.2583375	6.114	930133
frame0037.ply	32.702	39.4099	37.4929	135000	0.2599422	6.228	918173
frame0038.ply	32.6135	39.2199	37.3924	133528	0.2580523	6.121	923617
frame0039.ply	32.7116	39.3534	37.4963	133248	0.2542508	6.299	917298
frame0040.ply	32.8092	39.5826	37.6158	130304	0.2526748	6.116	930627
frame0041.ply	32.7974	39.5731	37.6039	133832	0.2574095	6.226	913742
frame0042.ply	32.8423	39.4975	37.5724	127776	0.2523064	6.129	924473
frame0043.ply	32.8164	39.553	37.6291	131080	0.2546845	6.173	905559
frame0044.ply	32.7222	39.3047	37.5258	132352	0.2593326	6.093	904735
frame0045.ply	32.7063	39.2431	37.3959	134336	0.2556678	6.24	909416
frame0046.ply	32.5613	39.1782	37.5034	141360	0.2636625	6.254	909620
frame0047.ply	32.4009	38.8663	37.1482	148800	0.2740773	6.251	901318
frame0048.ply	32.507	39.0781	37.2928	143864	0.2620996	6.457	907434
frame0049.ply	32.4607	39.0514	37.2896	146160	0.2633802	6.465	885571
frame0050.ply	32.6014	39.3597	37.619	142720	0.2609695	6.366	901521
frame0051.ply	32.599	39.2936	37.523	140376	0.2581873	6.303	896188
frame0052.ply	32.578	39.1465	37.4079	139752	0.2608665	6.36	891919
frame0053.ply	32.6038	39.1079	37.4418	143664	0.2639595	6.417	889550
frame0054.ply	32.5325	39.0728	37.4527	142984	0.2633253	6.374	904540
frame0055.ply	32.5127	39.1227	37.6278	144736	0.2621321	6.442	893825
frame0056.ply	32.4856	39.1274	37.4057	139272	0.2645016	6.271	900046
frame0057.ply	32.5793	39.3503	37.6701	144616	0.2681086	6.369	898469
frame0058.ply	32.5899	39.1477	37.4414	138176	0.2656246	6.207	895351
frame0059.ply	32.5809	39.0861	37.4125	142112	0.2684962	6.295	892609
frame0060.ply	32.5969	39.1366	37.3725	140536	0.2641186	6.291	903848
frame0061.ply	32.5367	39.0255	37.3629	145512	0.2690532	6.396	903500
frame0062.ply	32.598	39.0312	37.309	137976	0.2618207	6.281	909375
frame0063.ply	32.5176	38.9696	37.2945	146000	0.2644141	6.448	922063
frame0064.ply	32.4958	38.8926	37.1731	144800	0.2649988	6.385	981998
frame0065.ply	32.5216	38.9378	37.2743	146320	0.2684743	6.456	1044668
frame0066.ply	32.5751	39.0443	37.3523	148736	0.2737768	6.423	1184649
frame0067.ply	32.5407	39.0151	37.3423	152872	0.2742879	6.599	1289003
frame0068.ply	32.5475	38.9134	37.2545	143520	0.2687994	6.38	1389266
frame0069.ply	32.5595	38.8777	37.2659	146112	0.2631983	6.591	1423669
frame0070.ply	32.5019	38.8497	37.2418	148560	0.2743851	6.408	1466694
frame0071.ply	32.5799	38.8461	37.2169	145056	0.2700628	6.415	1468667
frame0072.ply	32.5455	38.8537	37.3777	147800	0.2761016	6.273	1449437
frame0073.ply	32.5286	38.8438	37.2812	146960	0.2714466	6.33	1438471
frame0074.ply	32.5218	38.8773	37.2135	143864	0.2677028	6.314	1418866
frame0075.ply	32.4799	38.7327	37.1533	145608	0.272589	6.314	1463456
frame0076.ply	32.515	38.8698	37.349	146056	0.2731168	6.29	1454905
frame0077.ply	32.3897	38.7641	37.2104	151056	0.2818559	6.339	1469391
frame0078.ply	32.352	38.6522	37.106	153200	0.2830036	6.362	1459966
frame0079.ply	32.3262	38.7213	37.0761	154656	0.2846553	6.442	1451967
frame0080.ply	32.3921	38.7246	37.0722	149016	0.2800339	6.339	1475797
frame0081.ply	32.4126	38.8754	37.2729	154312	0.2788892	6.494	1484814
frame0082.ply	32.3253	38.6973	37.0772	151648	0.2782826	6.463	1414040
frame0083.ply	32.4913	38.917	37.3069	148560	0.2720175	6.413	1470959
frame0084.ply	32.4222	38.9794	37.3512	153856	0.2748253	6.472	1438796
frame0085.ply	32.4343	39.0675	37.2651	150136	0.2695157	6.537	1447874
frame0086.ply	32.547	39.3158	37.5777	149680	0.2735651	6.416	1474871
frame0087.ply	32.6626	39.5409	37.6524	147104	0.26672	6.455	1448832
frame0088.ply	32.8047	39.7979	37.8098	141544	0.257558	6.492	1489816
frame0089.ply	33.1063	40.0979	37.9669	134944	0.2485986	6.429	1487964
frame0090.ply	33.236	40.2883	38.2018	131928	0.2422392	6.455	1490975
frame0091.ply	33.3176	40.3297	38.2547	131160	0.2357866	6.719	1493848
frame0092.ply	33.2722	40.2846	38.1674	121592	0.1739359	6.285	1400977
frame0093.ply	33.088	40.0334	38.0065	130432	0.1832876	6.44	1335004
frame0094.ply	32.9091	39.7529	37.7474	135952	0.1822255	6.691	1219537
frame0095.ply	32.9871	39.8569	37.9974	134304	0.1882411	6.426	1029896
frame0096.ply	33.0152	39.8107	37.8054	138144	0.1817369	6.852	942890
frame0097.ply	33.0358	39.7807	37.7954	138112	0.1805368	6.849	908281
frame0098.ply	32.8879	39.716	37.7016	143688	0.1800033	6.907	900013
frame0099.ply	32.7519	39.6089	37.6376	145480	0.1912184	6.899	915676
frame0100.ply	32.7664	39.5467	37.6104	153336	0.2634238	7.21	909670
frame0101.ply	32.6789	39.3444	37.4827	151584	0.2705843	7.089	924218
frame0102.ply	32.6109	39.3077	37.4042	156960	0.2733378	7.262	911880
frame0103.ply	32.6849	39.4254	37.525	157560	0.2699438	7.384	906065
frame0104.ply	32.5926	39.3318	37.4446	158616	0.1902837	7.248	915025
frame0105.ply	32.6234	39.3005	37.3506	155120	0.1861806	7.191	929436
frame0106.ply	32.6839	39.5298	37.4788	152056	0.1856082	7.12	938912
frame0107.ply	33.0233	39.8869	37.8397	144128	0.1742353	7.171	942155
frame0108.ply	33.0732	40.0094	38.0377	145840	0.1748977	7.257	973390
frame0109.ply	33.4719	39.9134	37.9222	125784	0.1638292	6.78	979861
frame0110.ply	33.3154	40.0526	38	144128	0.1757117	7.238	1000493
frame0111.ply	33.3947	39.9284	37.8606	140504	0.1701744	7.221	1000774
frame0112.ply	33.0016	39.4616	37.3998	153000	0.187804	7.167	1001474
frame0113.ply	32.7978	39.0723	37.1413	160440	0.1947711	7.178	1024402
frame0114.ply	32.8124	39.1447	37.1626	161424	0.1941747	7.28	1014004
frame0115.ply	33.2125	39.6303	37.642	152600	0.1784992	7.405	1027824
frame0116.ply	33.3825	39.6705	37.7367	138904	0.1692832	7.112	1028960
frame0117.ply	33.641	39.9198	38.0891	131928	0.1575505	7.283	1018972
frame0118.ply	33.5721	40.0271	38.3077	116576	0.1597501	6.352	1012591
frame0119.ply	33.5428	40.2086	38.3558	117232	0.1523887	6.659	1001271
frame0120.ply	33.4181	40.0898	38.087	118160	0.160087	6.486	1010416
frame0121.ply	33.3228	40.0958	38.1314	110544	0.1647871	5.978	971916
frame0122.ply	33.2339	40.0166	37.8926	116216	0.1701314	6.255	1003489
frame0123.ply	33.0245	39.8837	37.9198	128456	0.2375183	6.461	980440
frame0124.ply	32.9588	39.5206	37.4555	121448	0.1859499	5.996	954320
frame0125.ply	32.8529	39.2519	37.2542	136960	0.2437032	6.525	952005
frame0126.ply	32.7025	39.1183	37.0777	145760	0.3443012	7.094	965466
frame0127.ply	32.4797	38.7258	36.8601	150792	0.3499537	7.12	907397
frame0128.ply	32.5368	38.6938	36.9119	149840	0.3406429	7.271	912852
frame0129.ply	32.4098	38.7182	36.9157	158480	0.353661	7.279	929095
frame0130.ply	32.3753	38.6153	36.7568	154408	0.3545604	7.077	899562
frame0131.ply	32.4156	38.6687	36.8959	158032	0.3385484	7.468	919470
frame0132.ply	32.4315	38.7191	36.9289	158608	0.3381462	7.342	862219
frame0133.ply	32.358	38.6143	36.9006	155880	0.3498208	7.169	901500
frame0134.ply	32.4199	38.9106	37.1328	157864	0.3515685	7.411	886708
frame0135.ply	32.3939	38.7461	37.044	158008	0.3484516	7.456	894232
frame0136.ply	32.4349	38.7441	36.9816	153304	0.3484373	7.298	880218
frame0137.ply	32.5003	38.9159	37.2522	157472	0.3518059	7.354	891481
frame0138.ply	32.5352	38.8222	37.1444	149296	0.3323286	7.312	887033
frame0139.ply	32.4961	38.8602	37.2	157304	0.3526069	7.363	908892
frame0140.ply	32.5459	38.8212	37.116	151952	0.3458426	7.202	914692
frame0141.ply	32.5152	38.8687	37.0795	152632	0.347807	7.284	919341
frame0142.ply	32.566	38.9885	37.1692	150920	0.350283	7.07	928464
frame0143.ply	32.574	38.9269	37.2213	150784	0.3456886	7.149	918053
frame0144.ply	32.5156	38.8513	37.175	153616	0.3542716	7.058	945683
frame0145.ply	32.5785	38.6621	36.8731	146200	0.35074	6.983	969072
frame0146.ply	32.4948	38.6618	37.0133	148016	0.3666088	6.693	960616
frame0147.ply	32.4044	38.4227	36.8445	150752	0.3654646	6.865	938690
frame0148.ply	32.3419	38.4638	36.8851	145912	0.2692402	6.097	961158
frame0149.ply	32.3309	38.4342	36.9232	150256	0.2643479	6.309	961957
frame0150.ply	32.3402	38.4827	36.9809	148472	0.2737402	6.182	961476
frame0151.ply	32.3936	38.3161	36.7424	140232	0.2699943	6.134	975114
frame0152.ply	32.3553	38.2978	36.6916	140504	0.2751527	5.964	968768
frame0153.ply	32.5602	38.4141	36.7968	137336	0.2691644	6.181	971271
frame0154.ply	32.494	38.3473	36.735	132592	0.2094308	5.716	963890
frame0155.ply	32.5351	38.3828	36.7167	133232	0.2584584	6.012	952174
frame0156.ply	32.5415	38.3417	36.7019	131960	0.2560906	5.893	946103
frame0157.ply	32.4788	38.2165	36.6194	136128	0.3606181	6.249	921654
frame0158.ply	32.5229	38.0534	36.5954	132992	0.2507691	5.858	913820
frame0159.ply	32.4168	38.0489	36.5048	138288	0.3487107	6.422	929017
frame0160.ply	32.3874	38.0732	36.5898	144320	0.3623838	6.284	890842
frame0161.ply	32.3225	37.8771	36.4216	137568	0.3542061	6.308	919202
frame0162.ply	32.4089	38.1423	36.6058	136112	0.2674094	5.677	887426
frame0163.ply	32.4081	38.0801	36.6746	145632	0.2761121	5.922	896414
frame0164.ply	32.3584	38.2213	36.7615	143552	0.2766238	5.879	907807
frame0165.ply	32.2329	37.6767	36.2543	138352	0.2188221	5.833	872900
frame0166.ply	32.238	37.9144	36.5663	146960	0.225679	5.917	902397
frame0167.ply	32.3314	38.0518	36.7383	141640	0.2197363	5.949	906361
frame0168.ply	32.3465	37.9245	36.5468	139616	0.2188738	5.862	901584
frame0169.ply	32.381	38.0881	36.601	141688	0.2188343	5.854	907418
frame0170.ply	32.472	37.9705	36.4911	136640	0.2104022	5.913	914163
frame0171.ply	32.4553	38.0524	36.5406	137832	0.2147239	5.99	911913
frame0172.ply	32.4382	38.0338	36.5423	135968	0.2120083	5.959	926009
frame0173.ply	32.3426	38.0605	36.5838	141592	0.2168301	5.998	923764
frame0174.ply	32.2611	37.8564	36.3423	140488	0.2143957	6.082	949513
frame0175.ply	32.2978	37.9291	36.4331	144880	0.2161192	6.127	954693
frame0176.ply	32.2708	38.1222	36.7666	154656	0.2278716	6.232	944398
frame0177.ply	32.2228	37.9238	36.5738	156104	0.2247238	6.319	960043
frame0178.ply	32.1008	37.8	36.3225	152496	0.216845	6.339	955112
frame0179.ply	32.1115	37.9706	36.5684	157320	0.2248039	6.368	952683
frame0180.ply	32.1553	37.8821	36.5121	157256	0.2244593	6.294	955477
frame0181.ply	32.0794	37.7976	36.33	157368	0.2278703	6.323	942918
frame0182.ply	32.1119	37.7571	36.2935	153792	0.2218653	6.287	941599
frame0183.ply	32.1574	37.7853	36.337	148328	0.2123576	6.364	949825
frame0184.ply	32.1102	37.8203	36.4476	151200	0.2215392	6.265	940022
frame0185.ply	32.1205	37.686	36.3249	148000	0.2158847	6.311	946683
frame0186.ply	32.1617	37.8907	36.5337	151248	0.2220775	6.248	944577
frame0187.ply	32.135	37.9224	36.4891	152480	0.2223274	6.273	939524
frame0188.ply	32.1234	37.7748	36.3567	149072	0.2193941	6.257	933962
frame0189.ply	32.1678	37.8553	36.4284	150536	0.2221872	6.283	930995
frame0190.ply	32.1982	37.9349	36.5121	148904	0.2189541	6.224	934466
frame0191.ply	32.205	37.9931	36.6552	150632	0.218763	6.224	935089
frame0192.ply	32.2806	38.0629	36.6122	144976	0.2173545	6.184	928746
frame0193.ply	32.2567	38.1297	36.6956	148256	0.2183182	6.191	933797
frame0194.ply	32.3539	38.3544	36.8833	146208	0.2172441	6.183	936186
frame0195.ply	32.2983	38.2014	36.67	141448	0.2155181	6.117	937365
frame0196.ply	32.3235	38.2478	36.7807	145496	0.2203681	6.13	940715
frame0197.ply	32.3363	38.2216	36.6092	138328	0.2069805	6.161	948341
frame0198.ply	32.3549	38.2155	36.6237	135360	0.2078469	5.954	945276
frame0199.ply	32.3958	38.3812	36.8484	142880	0.2158976	6.126	923228
frame0200.ply	32.4715	38.4299	36.8661	138944	0.2123881	6.008	929098
frame0201.ply	32.5937	38.5298	36.9375	137568	0.2120499	5.94	919037
frame0202.ply	32.7202	38.6073	36.9609	129528	0.2030651	5.846	915412
frame0203.ply	32.7161	38.8484	37.2422	133352	0.2091609	5.913	925256
frame0204.ply	32.8816	39.0127	37.1316	124584	0.2009696	5.766	913507
frame0205.ply	32.8341	39.1616	37.1396	124792	0.1918527	5.954	913577
frame0206.ply	32.9284	39.4454	37.4799	123272	0.1914857	5.872	904123
frame0207.ply	32.7643	39.1741	37.3226	127592	0.195411	5.813	913526
frame0208.ply	32.8278	39.0487	37.0778	121704	0.1873151	5.842	907146
frame0209.ply	32.7522	38.9243	37.0347	123968	0.1896847	5.84	920319
frame0210.ply	32.5642	38.6882	36.8593	124664	0.1928315	5.841	919468
frame0211.ply	32.553	38.6132	36.8865	131392	0.1981391	5.961	919285
frame0212.ply	32.4966	38.5397	36.8689	135944	0.2629134	5.863	930808
frame0213.ply	32.437	38.3472	36.6712	132912	0.2010081	5.864	930173
frame0214.ply	32.3587	38.3338	36.7175	134416	0.2044023	5.93	928013
frame0215.ply	32.4156	38.2679	36.6033	133496	0.2037912	5.855	938301
frame0000.ply	35.4857	40.3224	39.0796	381024	0.7948297	7.704	960703
frame0001.ply	35.4619	40.3851	39.1486	391752	0.7917742	7.752	952178
frame0002.ply	35.4084	40.3058	39.1445	397824	0.8270479	7.687	949129
frame0003.ply	35.5733	40.2734	38.9815	367096	0.7605991	7.685	954852
frame0004.ply	35.6932	40.4278	39.0858	365184	0.7535676	7.702	959854
frame0005.ply	35.7551	40.8046	39.4868	370808	0.7478617	7.723	959889
frame0006.ply	35.7258	40.4834	39.0457	332520	0.7430033	7.297	953156
frame0007.ply	35.6224	40.3747	39.0361	349456	0.7506934	7.406	947112
frame0008.ply	35.6333	40.5007	39.2485	358936	0.7825532	7.387	960368
frame0009.ply	35.6376	40.3686	39.0115	337736	0.7628963	7.21	958061
frame0010.ply	35.6406	40.5678	39.2246	352272	0.7670107	7.249	956482
frame0011.ply	35.6211	40.5684	39.1904	353360	0.7558545	7.213	955417
frame0012.ply	35.5958	40.2952	39.0229	334648	0.7419313	7.137	958615
frame0013.ply	35.6419	40.4428	39.1842	336872	0.7459642	7.329	959478
frame0014.ply	35.7619	40.6683	39.2998	335296	0.7213347	7.417	967615
frame0015.ply	35.823	40.6915	39.3451	319736	0.7311852	7.117	961783
frame0016.ply	35.8534	41.014	39.5882	331200	0.7432363	7.297	965612
frame0017.ply	35.7596	40.7409	39.3845	321464	0.763614	7.056	958200
frame0018.ply	35.7252	40.8151	39.414	326152	0.563817	6.546	955097
frame0019.ply	35.7354	40.9266	39.5797	325248	0.780074	7.026	960959
frame0020.ply	35.68	40.7921	39.432	327136	0.78341	7.037	958187
frame0021.ply	35.9451	41.0239	39.556	305008	0.54647	6.555	963526
frame0022.ply	36.0097	41.2317	39.7814	302600	0.552802	6.544	972887
frame0023.ply	36.2272	41.6298	40.0291	289608	0.547148	6.293	965423
frame0024.ply	36.2021	41.4747	39.9556	289792	0.55545	6.344	958172
frame0025.ply	36.1584	41.1797	39.6655	284304	0.549181	6.311	959318
frame0026.ply	36.1437	41.351	39.9734	303592	0.559877	6.38	948051
frame0027.ply	36.0071	41.0453	39.6949	309008	0.563914	6.374	941611
frame0028.ply	35.866	40.8794	39.528	320080	0.568716	6.468	929885
frame0029.ply	35.7641	40.8827	39.5878	329720	0.585729	6.43	923523
frame0030.ply	35.6787	40.6057	39.3042	318864	0.576171	6.386	923347
frame0031.ply	35.7529	40.8582	39.5978	330392	0.59042	6.404	927066
frame0032.ply	35.7882	40.9742	39.6311	311912	0.57436	6.278	921419
frame0033.ply	35.9117	40.9792	39.6164	302704	0.564523	6.381	926468
frame0034.ply	35.966	41.1585	39.7595	306464	0.565689	6.351	931275
frame0035.ply	35.9656	41.2131	39.7898	307064	0.590232	6.259	918635
frame0036.ply	35.8318	40.9295	39.5304	295552	0.572438	6.084	930133
frame0037.ply	35.8299	40.9456	39.5268	300840	0.573955	6.199	918173
frame0038.ply	35.7071	40.7117	39.4363	300656	0.577411	6.096	923617
frame0039.ply	35.8063	40.862	39.5236	299448	0.566291	6.281	917298
frame0040.ply	35.95	41.1557	39.7639	293736	0.564059	6.109	930627
frame0041.ply	35.9414	41.1949	39.7719	301320	0.575497	6.224	913742
frame0042.ply	36.0208	41.0727	39.6353	285064	0.559206	6.057	924473
frame0043.ply	35.9601	41.16	39.7623	293056	0.562843	6.198	905559
frame0044.ply	35.8552	40.9838	39.6679	298784	0.58443	6.062	904735
frame0045.ply	35.805	40.8124	39.453	299360	0.568865	6.203	909416
frame0046.ply	35.7286	40.8697	39.6374	317984	0.593566	6.186	909620
frame0047.ply	35.5148	40.4531	39.1976	333424	0.612541	6.25	901318
frame0048.ply	35.6439	40.5881	39.3376	326848	0.589038	6.4	907434
frame0049.ply	35.6168	40.5821	39.2889	327800	0.589796	6.413	885571
frame0050.ply	35.7593	41.0891	39.827	322360	0.585952	6.329	901521
frame0051.ply	35.7591	40.913	39.6591	316320	0.58079	6.305	896188
frame0052.ply	35.6891	40.6889	39.4381	316872	0.588805	6.32	891919
frame0053.ply	35.7323	40.7776	39.6244	327160	0.59884	6.409	889550
frame0054.ply	35.6756	40.7268	39.612	328392	0.599378	6.338	904540
frame0055.ply	35.6553	40.8127	39.703	330168	0.592933	6.428	893825
frame0056.ply	35.6178	40.655	39.4334	315704	0.599046	6.261	900046
frame0057.ply	35.7258	41.0511	39.9064	327440	0.606396	6.399	898469
frame0058.ply	35.7092	40.8091	39.596	313928	0.601032	6.225	895351
frame0059.ply	35.7019	40.7531	39.5235	322336	0.607194	6.296	892609
frame0060.ply	35.739	40.7217	39.4828	318712	0.597023	6.36	903848
frame0061.ply	35.6691	40.6319	39.4307	327560	0.6034	6.41	903500
frame0062.ply	35.7108	40.5394	39.2901	309376	0.588128	6.286	909375
frame0063.ply	35.6952	40.5349	39.3399	329448	0.595264	6.464	922063
frame0064.ply	35.6231	40.3597	39.142	324704	0.595009	6.407	981998
frame0065.ply	35.6778	40.5252	39.3581	329448	0.607642	6.445	1044668
frame0066.ply	35.7485	40.7229	39.5278	336624	0.615717	6.478	1184649
frame0067.ply	35.7044	40.7078	39.5486	346632	0.621157	6.581	1289003
frame0068.ply	35.6789	40.4632	39.2843	323264	0.60446	6.376	1389266
frame0069.ply	35.6646	40.3909	39.2349	330504	0.595715	6.648	1423669
frame0070.ply	35.648	40.4972	39.3476	333560	0.617139	6.489	1466694
frame0071.ply	35.6772	40.4453	39.3007	327216	0.605669	6.404	1468667
frame0072.ply	35.676	40.6584	39.586	334432	0.62416	6.303	1449437
frame0073.ply	35.6409	40.5802	39.4973	332904	0.609243	6.344	1438471
frame0074.ply	35.6178	40.4843	39.2922	326240	0.606541	6.303	1418866
frame0075.ply	35.6017	40.3804	39.2434	329120	0.614734	6.322	1463456
frame0076.ply	35.6875	40.668	39.5498	332816	0.621196	6.329	1454905
frame0077.ply	35.5225	40.481	39.337	341720	0.632436	6.359	1469391
frame0078.ply	35.5122	40.3759	39.2599	348200	0.639894	6.394	1459966
frame0079.ply	35.4626	40.3452	39.1595	347648	0.639853	6.441	1451967
frame0080.ply	35.5214	40.3102	39.1253	335120	0.628949	6.321	1475797
frame0081.ply	35.5607	40.5892	39.4187	351696	0.631159	6.486	1484814
frame0082.ply	35.4702	40.2253	39.0406	341328	0.620863	6.462	1414040
frame0083.ply	35.6047	40.6405	39.429	338272	0.614934	6.429	1470959
frame0084.ply	35.5878	40.726	39.5481	348160	0.618725	6.511	1438796
frame0085.ply	35.5977	40.6405	39.3167	339056	0.607136	6.524	1447874
frame0086.ply	35.7334	41.0979	39.8171	335944	0.613106	6.436	1474871
frame0087.ply	35.8201	41.2382	39.8089	326104	0.588084	6.479	1448832
frame0088.ply	36.0417	41.4877	40.019	315128	0.571024	6.549	1489816
frame0089.ply	36.3239	41.8128	40.1677	292480	0.536507	6.455	1487964
frame0090.ply	36.4598	42.0826	40.4688	282760	0.51829	6.463	1490975
frame0091.ply	36.5575	42.0611	40.5004	285336	0.51238	6.687	1493848
frame0092.ply	36.498	41.9799	40.3828	266808	0.384397	6.278	1400977
frame0093.ply	36.2896	41.8016	40.2571	289528	0.408502	6.43	1335004
frame0094.ply	36.0902	41.3831	39.8303	303296	0.408348	6.682	1219537
frame0095.ply	36.2209	41.6685	40.2443	302688	0.425298	6.44	1029896
frame0096.ply	36.1593	41.4599	39.8914	307128	0.405016	6.895	942890
frame0097.ply	36.2019	41.4524	39.9344	305728	0.400506	6.848	908281
frame0098.ply	36.0513	41.4118	39.9206	324632	0.406647	6.898	900013
frame0099.ply	35.9421	41.2565	39.8198	329480	0.435119	6.969	915676
frame0100.ply	35.8885	41.224	39.7455	348680	0.592121	7.195	909670
frame0101.ply	35.8028	41.0458	39.6984	349816	0.618458	7.105	924218
frame0102.ply	35.7363	40.8812	39.4981	357776	0.622826	7.276	911880
frame0103.ply	35.8038	41.1293	39.7042	364816	0.618765	7.405	906065
frame0104.ply	35.7413	41.0113	39.628	362584	0.434566	7.265	915025
frame0105.ply	35.7561	40.9054	39.5003	354032	0.425155	7.189	929436
frame0106.ply	35.8251	41.2148	39.6465	345272	0.421411	7.143	938912
frame0107.ply	36.1876	41.5881	40.0059	320304	0.387483	7.154	942155
frame0108.ply	36.2732	41.8082	40.1719	325688	0.390518	7.291	973390
frame0109.ply	36.6306	41.5993	39.9565	276856	0.36161	6.772	979861
frame0110.ply	36.5114	41.8383	40.2141	316720	0.386765	7.291	1000493
frame0111.ply	36.5362	41.7317	40.0975	312336	0.378776	7.258	1000774
frame0112.ply	36.1586	41.1873	39.589	338832	0.417462	7.136	1001474
frame0113.ply	35.9336	40.9184	39.4082	359504	0.438001	7.226	1024402
frame0114.ply	35.9424	40.9054	39.342	361216	0.435577	7.302	1014004
frame0115.ply	36.3464	41.4563	39.7971	336040	0.393225	7.459	1027824
frame0116.ply	36.4704	41.4128	39.817	306392	0.373795	7.165	1028960
frame0117.ply	36.6713	41.6302	40.105	291144	0.348122	7.302	1018972
frame0118.ply	36.6542	41.7867	40.3615	259352	0.355923	6.315	1012591
frame0119.ply	36.6743	41.8578	40.4389	264152	0.343782	6.659	1001271
frame0120.ply	36.5048	41.784	40.206	267784	0.364077	6.458	1010416
frame0121.ply	36.4379	41.7556	40.2635	249688	0.373541	6.012	971916
frame0122.ply	36.3451	41.6012	40.0273	261464	0.383375	6.233	1003489
frame0123.ply	36.1531	41.6033	40.1876	296928	0.537904	6.471	980440
frame0124.ply	36.0822	41.2111	39.7133	278512	0.426518	5.971	954320
frame0125.ply	35.9959	40.8546	39.4112	308832	0.54638	6.471	952005
frame0126.ply	35.8324	40.7392	39.2177	328896	0.774929	7.114	965466
frame0127.ply	35.5842	40.3671	38.9815	348696	0.80335	7.17	907397
frame0128.ply	35.6075	40.3061	39.0209	345336	0.7813199	7.263	912852
frame0129.ply	35.4837	40.4269	39.1092	364792	0.8069627	7.266	929095
frame0130.ply	35.4546	40.3529	38.9505	357416	0.815503	7.077	899562
frame0131.ply	35.465	40.2869	39.0062	363976	0.7773744	7.502	919470
frame0132.ply	35.5126	40.4889	39.1339	365808	0.7759694	7.411	862219
frame0133.ply	35.4259	40.2319	38.9863	357008	0.7982845	7.202	901500
frame0134.ply	35.5033	40.5318	39.2639	363672	0.807801	7.368	886708
frame0135.ply	35.4409	40.3877	39.1378	362192	0.794894	7.409	894232
frame0136.ply	35.4967	40.3768	39.1596	357408	0.810811	7.341	880218
frame0137.ply	35.565	40.6419	39.4387	358584	0.796324	7.344	891481
frame0138.ply	35.6065	40.4482	39.266	345768	0.7676127	7.331	887033
frame0139.ply	35.5948	40.5463	39.3532	356480	0.7971868	7.397	908892
frame0140.ply	35.6497	40.58	39.2604	346344	0.7870103	7.299	914692
frame0141.ply	35.6264	40.4658	39.2012	349960	0.795042	7.287	919341
frame0142.ply	35.7078	40.7586	39.4086	347656	0.8054726	7.127	928464
frame0143.ply	35.7015	40.6285	39.3764	345504	0.7918744	7.132	918053
frame0144.ply	35.6556	40.5972	39.3286	350656	0.8067606	7.087	945683
frame0145.ply	35.6666	40.2416	38.9656	334224	0.7986	6.983	969072
frame0146.ply	35.6141	40.4735	39.2359	339016	0.837625	6.733	960616
frame0147.ply	35.5058	40.044	38.9043	344864	0.8327044	6.856	938690
frame0148.ply	35.4579	40.2311	39.0669	335608	0.614545	6.098	961158
frame0149.ply	35.392	40.1727	39.0632	347208	0.60601	6.281	961957
frame0150.ply	35.4477	40.2739	39.1593	343072	0.63127	6.168	961476
frame0151.ply	35.4519	39.9321	38.8264	324832	0.619202	6.121	975114
frame0152.ply	35.4156	39.9185	38.7464	324792	0.632358	5.971	968768
frame0153.ply	35.5878	40.0556	38.8825	319888	0.622888	6.127	971271
frame0154.ply	35.5404	40.1109	38.8795	306696	0.489208	5.707	963890
frame0155.ply	35.5475	39.9635	38.8069	312408	0.595595	6.006	952174
frame0156.ply	35.5615	39.9695	38.8023	309152	0.597385	5.889	946103
frame0157.ply	35.5169	39.9803	38.7763	316288	0.8273251	6.215	921654
frame0158.ply	35.5369	39.7441	38.6799	314352	0.5848781	5.852	913820
frame0159.ply	35.4526	39.6612	38.5743	325536	0.8148186	6.411	929017
frame0160.ply	35.4433	40.0119	38.8703	333608	0.8331895	6.274	890842
frame0161.ply	35.3477	39.5199	38.5238	324784	0.8223962	6.28	919202
frame0162.ply	35.4481	39.9692	38.7935	315128	0.609	5.665	887426
frame0163.ply	35.4472	40.0451	38.9574	337848	0.633836	5.926	896414
frame0164.ply	35.4014	40.1121	38.9982	334288	0.6314628	5.897	907807
frame0165.ply	35.2179	39.31	38.3352	328272	0.519784	5.815	872900
frame0166.ply	35.2529	39.8147	38.7582	345344	0.532326	5.932	902397
frame0167.ply	35.3367	39.7931	38.8028	325968	0.509146	5.898	906361
frame0168.ply	35.3239	39.5538	38.6123	322648	0.508896	5.871	901584
frame0169.ply	35.3717	39.9451	38.8326	332640	0.521258	5.879	907418
frame0170.ply	35.4275	39.5428	38.542	317680	0.490658	5.931	914163
frame0171.ply	35.4359	39.7259	38.7187	324248	0.509811	5.956	911913
frame0172.ply	35.3796	39.5642	38.5454	314088	0.491258	5.938	926009
frame0173.ply	35.3342	39.7	38.6021	329768	0.509142	6.024	923764
frame0174.ply	35.2393	39.4548	38.3984	334320	0.506694	6.095	949513
frame0175.ply	35.2655	39.6617	38.5816	339264	0.508498	6.103	954693
frame0176.ply	35.2782	39.9844	38.9641	357784	0.528106	6.231	944398
frame0177.ply	35.1866	39.7722	38.7549	364192	0.530173	6.261	960043
frame0178.ply	35.1253	39.3821	38.357	360040	0.516594	6.327	955112
frame0179.ply	35.1111	39.7722	38.7626	372672	0.534485	6.341	952683
frame0180.ply	35.1627	39.807	38.795	373568	0.537447	6.317	955477
frame0181.ply	35.0763	39.5536	38.4743	374688	0.542462	6.283	942918
frame0182.ply	35.1001	39.2962	38.2956	360128	0.523014	6.305	941599
frame0183.ply	35.1363	39.3278	38.3465	355048	0.510239	6.368	949825
frame0184.ply	35.0923	39.4773	38.4501	359664	0.528639	6.262	940022
frame0185.ply	35.085	39.2407	38.2907	350952	0.511847	6.298	946683
frame0186.ply	35.1667	39.6641	38.6958	361088	0.531524	6.238	944577
frame0187.ply	35.1486	39.6591	38.6446	363680	0.533411	6.252	939524
frame0188.ply	35.1471	39.3481	38.3961	354296	0.521818	6.246	933962
frame0189.ply	35.1415	39.5068	38.5078	352600	0.522106	6.27	930995
frame0190.ply	35.2007	39.655	38.6365	351584	0.517221	6.184	934466
frame0191.ply	35.1936	39.7193	38.7546	352560	0.515836	6.224	935089
frame0192.ply	35.2545	39.7909	38.7306	340992	0.511173	6.233	928746
frame0193.ply	35.2599	39.9446	38.8362	348184	0.51685	6.172	933797
frame0194.ply	35.3449	40.1794	39.1072	342648	0.51248	6.158	936186
frame0195.ply	35.2926	39.777	38.7169	329360	0.500046	6.122	937365
frame0196.ply	35.3538	40.0776	38.9656	341080	0.522521	6.089	940715
frame0197.ply	35.3328	39.7739	38.6116	327368	0.492451	6.157	948341
frame0198.ply	35.3737	39.7466	38.5851	313520	0.48639	5.963	945276
frame0199.ply	35.4368	40.1647	39.0075	330376	0.505177	6.107	923228
frame0200.ply	35.4846	40.1897	39.0164	320840	0.493289	6.018	929098
frame0201.ply	35.6328	40.4704	39.2423	319456	0.49827	5.946	919037
frame0202.ply	35.7421	40.3966	39.1259	297480	0.471878	5.875	915412
frame0203.ply	35.7766	40.8059	39.5255	303520	0.479058	5.897	925256
frame0204.ply	35.9485	40.8634	39.4543	283920	0.459936	5.767	913507
frame0205.ply	35.9311	40.8054	39.2876	284128	0.443285	5.959	913577
frame0206.ply	36.0228	41.1376	39.6447	276744	0.434172	5.863	904123
frame0207.ply	35.8657	41.0055	39.5605	291368	0.447212	5.816	913526
frame0208.ply	35.8895	40.6204	39.1589	276576	0.425975	5.851	907146
frame0209.ply	35.8138	40.4912	39.1343	282616	0.434598	5.802	920319
frame0210.ply	35.6227	40.258	38.9509	290312	0.450406	5.808	919468
frame0211.ply	35.6154	40.354	39.0651	305824	0.462854	5.893	919285
frame0212.ply	35.5604	40.3677	39.1256	317792	0.6067291	5.87	930808
frame0213.ply	35.4646	39.9585	38.7677	312320	0.478159	5.867	930173
frame0214.ply	35.4328	39.9017	38.7664	314136	0.482146	5.918	928013
frame0215.ply	35.4595	39.9081	38.6765	312832	0.483346	5.88	938301
frame0000.ply	38.978	42.39	41.3877	924248	1.928797	7.786	960703
frame0001.ply	38.9537	42.4573	41.4405	930896	1.90299	7.819	952178
frame0002.ply	38.8846	42.3859	41.4089	944016	1.99397	7.806	949129
frame0003.ply	39.0235	42.2646	41.261	894728	1.858722	7.721	954852
frame0004.ply	39.1393	42.4713	41.4155	882416	1.806608	7.727	959854
frame0005.ply	39.2129	42.7864	41.6943	855072	1.720361	7.783	959889
frame0006.ply	39.1505	42.4589	41.3667	808864	1.783411	7.345	953156
frame0007.ply	39.0807	42.3936	41.3327	847856	1.82124	7.419	947112
frame0008.ply	39.0799	42.617	41.5749	853640	1.821568	7.439	960368
frame0009.ply	39.07	42.374	41.3058	821160	1.846113	7.284	958061
frame0010.ply	39.0416	42.5523	41.4543	829224	1.822817	7.355	956482
frame0011.ply	39.0636	42.5734	41.4473	830464	1.784921	7.243	955417
frame0012.ply	39.0009	42.2351	41.2822	822440	1.812401	7.165	958615
frame0013.ply	39.041	42.3944	41.4473	823112	1.806903	7.377	959478
frame0014.ply	39.1413	42.5618	41.4729	803216	1.724193	7.586	967615
frame0015.ply	39.2127	42.6641	41.6009	770880	1.737659	7.281	961783
frame0016.ply	39.2682	42.9956	41.8222	781616	1.777948	7.456	965612
frame0017.ply	39.178	42.6218	41.5938	774952	1.851818	7.213	958200
frame0018.ply	39.1473	42.7449	41.6537	773560	1.360475	6.67	955097
frame0019.ply	39.1482	42.8671	41.7965	769464	1.861666	7.175	960959
frame0020.ply	39.1086	42.6514	41.5966	780856	1.874184	7.088	958187
frame0021.ply	39.3161	42.9186	41.7778	719656	1.303011	6.58	963526
frame0022.ply	39.4002	43.215	42.0425	710208	1.30092	6.59	972887
frame0023.ply	39.649	43.5745	42.2466	661272	1.265245	6.339	965423
frame0024.ply	39.6168	43.33	42.1542	663704	1.272319	6.392	958172
frame0025.ply	39.5137	42.9771	41.8515	666440	1.299088	6.357	959318
frame0026.ply	39.5269	43.4079	42.2359	691528	1.286554	6.41	948051
frame0027.ply	39.4043	43.097	41.9805	717896	1.326858	6.399	941611
frame0028.ply	39.2455	42.8251	41.7601	748744	1.345868	6.493	929885
frame0029.ply	39.2128	42.9451	41.8563	769448	1.388149	6.494	923523
frame0030.ply	39.1071	42.4679	41.4871	764304	1.366141	6.427	923347
frame0031.ply	39.2047	42.9485	41.8651	771840	1.388373	6.452	927066
frame0032.ply	39.2324	42.932	41.8268	727288	1.354171	6.32	921419
frame0033.ply	39.3265	42.8354	41.7699	712784	1.324174	6.4	926468
frame0034.ply	39.3794	43.0876	41.9826	709856	1.314763	6.413	931275
frame0035.ply	39.3695	43.286	42.1094	708352	1.36181	6.277	918635
frame0036.ply	39.2499	42.8458	41.7669	702912	1.353308	6.136	930133
frame0037.ply	39.2539	42.8079	41.7328	711240	1.341251	6.276	918173
frame0038.ply	39.1308	42.5838	41.6282	716560	1.35474	6.144	923617
frame0039.ply	39.2068	42.6944	41.7045	709208	1.327611	6.317	917298
frame0040.ply	39.337	43.1053	42.0098	684192	1.326607	6.162	930627
frame0041.ply	39.3538	43.1629	42.0359	700128	1.339746	6.282	913742
frame0042.ply	39.3769	42.9414	41.8219	662816	1.293399	6.12	924473
frame0043.ply	39.368	43.1047	41.9936	684208	1.300396	6.236	905559
frame0044.ply	39.2562	42.93	41.8806	695680	1.356299	6.102	904735
frame0045.ply	39.2005	42.6707	41.6259	712768	1.353702	6.259	909416
frame0046.ply	39.1302	42.8347	41.8217	739928	1.382644	6.25	909620
frame0047.ply	39.0061	42.453	41.5154	796672	1.470579	6.243	901318
frame0048.ply	39.0856	42.5469	41.6004	784152	1.411486	6.427	907434
frame0049.ply	39.0502	42.4288	41.4874	783064	1.416327	6.473	885571
frame0050.ply	39.1822	43.0742	42.0335	745752	1.376381	6.397	901521
frame0051.ply	39.1581	42.8433	41.8449	736256	1.361058	6.356	896188
frame0052.ply	39.1143	42.6199	41.6827	760104	1.407678	6.424	891919
frame0053.ply	39.1323	42.7904	41.8673	765480	1.406906	6.437	889550
frame0054.ply	39.0999	42.7823	41.875	774032	1.427265	6.433	904540
frame0055.ply	39.0987	42.7996	41.9151	774432	1.411874	6.478	893825
frame0056.ply	39.069	42.5299	41.6184	750888	1.418208	6.295	900046
frame0057.ply	39.1638	43.0736	42.1097	755584	1.408903	6.4	898469
frame0058.ply	39.1358	42.8043	41.8308	734288	1.408793	6.238	895351
frame0059.ply	39.1276	42.726	41.7614	756024	1.426071	6.321	892609
frame0060.ply	39.1506	42.7098	41.7568	752320	1.415608	6.338	903848
frame0061.ply	39.1062	42.6102	41.6619	778864	1.425129	6.411	903500
frame0062.ply	39.1164	42.3972	41.4939	747408	1.424146	6.298	909375
frame0063.ply	39.1148	42.5024	41.602	789016	1.429776	6.468	922063
frame0064.ply	39.0565	42.2523	41.3834	781848	1.435652	6.443	981998
frame0065.ply	39.1154	42.4419	41.5647	780720	1.43346	6.485	1044668
frame0066.ply	39.1632	42.8185	41.8152	780536	1.432758	6.474	1184649
frame0067.ply	39.1458	42.7736	41.7908	804784	1.448188	6.624	1289003
frame0068.ply	39.0842	42.45	41.5722	783232	1.471757	6.394	1389266
frame0069.ply	39.0797	42.3083	41.491	806152	1.453008	6.641	1423669
frame0070.ply	39.069	42.4816	41.6175	795768	1.467362	6.472	1466694
frame0071.ply	39.0987	42.4621	41.565	788880	1.446789	6.461	1468667
frame0072.ply	39.098	42.7516	41.8148	776888	1.460269	6.341	1449437
frame0073.ply	39.0779	42.6562	41.7357	784152	1.46011	6.38	1438471
frame0074.ply	39.0412	42.4618	41.5325	780408	1.463091	6.342	1418866
frame0075.ply	39.0309	42.4224	41.5138	789832	1.465523	6.457	1463456
frame0076.ply	39.0856	42.7556	41.7994	773896	1.449228	6.288	1454905
frame0077.ply	38.9643	42.5115	41.5322	803872	1.487274	6.38	1469391
frame0078.ply	38.9449	42.4567	41.5136	820736	1.521332	6.424	1459966
frame0079.ply	38.9306	42.3153	41.3763	828784	1.514907	6.492	1451967
frame0080.ply	38.9639	42.2894	41.3643	806832	1.513304	6.394	1475797
frame0081.ply	39.0191	42.6895	41.7112	822952	1.495543	6.587	1484814
frame0082.ply	38.9237	42.1714	41.2645	824656	1.498131	6.503	1414040
frame0083.ply	39.0431	42.7109	41.7195	801816	1.469764	6.489	1470959
frame0084.ply	39.0548	42.7831	41.7797	809368	1.4601	6.535	1438796
frame0085.ply	39.0697	42.6027	41.5988	810440	1.449909	6.624	1447874
frame0086.ply	39.1836	43.152	42.0511	766440	1.408172	6.433	1474871
frame0087.ply	39.2795	43.2011	41.9953	745592	1.362973	6.524	1448832
frame0088.ply	39.4948	43.509	42.2645	711264	1.306802	6.533	1489816
frame0089.ply	39.7429	43.7416	42.3874	652984	1.211234	6.46	1487964
frame0090.ply	39.863	43.9463	42.6216	623480	1.160196	6.461	1490975
frame0091.ply	39.9416	43.939	42.6565	634208	1.142431	6.74	1493848
frame0092.ply	39.8774	43.8847	42.619	597200	0.873868	6.302	1400977
frame0093.ply	39.6948	43.7713	42.494	651376	0.921985	6.496	1335004
frame0094.ply	39.4919	43.1809	42.008	698664	0.94519	6.735	1219537
frame0095.ply	39.6462	43.7071	42.4731	678200	0.953669	6.473	1029896
frame0096.ply	39.5779	43.2902	42.103	708256	0.930881	6.858	942890
frame0097.ply	39.6173	43.313	42.1426	703664	0.920939	6.848	908281
frame0098.ply	39.4959	43.3867	42.1722	745328	0.933494	6.928	900013
frame0099.ply	39.3576	43.1816	42.015	760552	1.014118	6.951	915676
frame0100.ply	39.3571	43.1922	42.0264	811776	1.377804	7.261	909670
frame0101.ply	39.225	43.0742	41.9699	821112	1.440689	7.129	924218
frame0102.ply	39.174	42.78	41.7259	845848	1.453924	7.305	911880
frame0103.ply	39.25	43.1791	42.0169	853320	1.442454	7.419	906065
frame0104.ply	39.1888	43.0478	41.9013	847880	1.017245	7.33	915025
frame0105.ply	39.1969	42.7494	41.6729	833376	0.999291	7.271	929436
frame0106.ply	39.2857	43.1141	41.881	801568	0.978701	7.165	938912
frame0107.ply	39.597	43.4588	42.1914	740952	0.895124	7.219	942155
frame0108.ply	39.6842	43.763	42.3947	735872	0.881567	7.263	973390
frame0109.ply	39.943	43.511	42.2476	647224	0.837605	6.79	979861
frame0110.ply	39.8743	43.7661	42.4197	715176	0.872783	7.262	1000493
frame0111.ply	39.8779	43.7363	42.3299	711432	0.863417	7.237	1000774
frame0112.ply	39.5547	43.1897	41.8538	786464	0.971453	7.141	1001474
frame0113.ply	39.3439	42.9698	41.6898	837384	1.022271	7.236	1024402
frame0114.ply	39.3306	42.922	41.6496	845816	1.017718	7.298	1014004
frame0115.ply	39.7335	43.4041	42.011	776384	0.909273	7.437	1027824
frame0116.ply	39.8221	43.3551	42.0579	722600	0.879701	7.143	1028960
frame0117.ply	40.0155	43.5631	42.342	691520	0.826724	7.295	1018972
frame0118.ply	39.9793	43.6754	42.4971	600984	0.824757	6.342	1012591
frame0119.ply	40.0207	43.7169	42.6369	616224	0.801543	6.67	1001271
frame0120.ply	39.8636	43.66	42.4208	622080	0.845056	6.491	1010416
frame0121.ply	39.8019	43.5951	42.3764	579208	0.866259	6.002	971916
frame0122.ply	39.6881	43.4087	42.1402	606832	0.882747	6.265	1003489
frame0123.ply	39.5631	43.6247	42.3864	681032	1.226505	6.486	980440
frame0124.ply	39.4349	43.2069	41.9639	646736	0.988826	5.983	954320
frame0125.ply	39.3685	42.8922	41.7212	731432	1.280405	6.477	952005
frame0126.ply	39.2346	42.6819	41.4596	786352	1.848244	7.105	965466
frame0127.ply	39.005	42.4097	41.3112	847240	1.946635	7.138	907397
frame0128.ply	39.0058	42.3228	41.2902	840712	1.881575	7.305	912852
frame0129.ply	38.9213	42.47	41.3716	873856	1.926096	7.304	929095
frame0130.ply	38.8873	42.3646	41.2265	852752	1.946744	7.116	899562
frame0131.ply	38.9155	42.3356	41.3014	887448	1.882041	7.454	919470
frame0132.ply	38.9418	42.522	41.4086	871880	1.858762	7.432	862219
frame0133.ply	38.8941	42.2057	41.2396	868248	1.939684	7.204	901500
frame0134.ply	38.9462	42.5672	41.5318	868536	1.928822	7.375	886708
frame0135.ply	38.8863	42.3331	41.3391	873520	1.927454	7.398	894232
frame0136.ply	38.9384	42.4608	41.4925	866800	1.951579	7.263	880218
frame0137.ply	38.9927	42.6596	41.6447	844840	1.883344	7.361	891481
frame0138.ply	38.9938	42.4375	41.4818	834584	1.854887	7.357	887033
frame0139.ply	39.0096	42.5447	41.5486	841928	1.908343	7.345	908892
frame0140.ply	39.0361	42.569	41.5048	822120	1.881573	7.229	914692
frame0141.ply	39.0268	42.532	41.5067	837320	1.915368	7.291	919341
frame0142.ply	39.1084	42.8094	41.6766	808568	1.891789	7.096	928464
frame0143.ply	39.0813	42.6136	41.5952	805488	1.859952	7.146	918053
frame0144.ply	39.0857	42.6917	41.6057	821600	1.913165	7.105	945683
frame0145.ply	39.0737	42.2306	41.2553	809208	1.934795	6.986	969072
frame0146.ply	39.0201	42.5751	41.5165	795088	1.984705	6.735	960616
frame0147.ply	38.9479	42.1797	41.2835	845792	2.052637	6.871	938690
frame0148.ply	38.8456	42.2735	41.2822	795104	1.479084	6.091	961158
frame0149.ply	38.8191	42.266	41.3226	833904	1.478293	6.312	961957
frame0150.ply	38.883	42.4247	41.485	814232	1.512429	6.235	961476
frame0151.ply	38.8718	42.0154	41.1528	801616	1.534466	6.098	975114
frame0152.ply	38.8357	41.9121	41.0223	794256	1.535268	5.955	968768
frame0153.ply	38.9865	42.1986	41.253	788240	1.523275	6.171	971271
frame0154.ply	38.9219	42.1485	41.099	737720	1.209304	5.722	963890
frame0155.ply	38.9605	42.0896	41.1494	778064	1.464334	6.011	952174
frame0156.ply	38.9492	42.1651	41.1971	772216	1.456378	5.895	946103
frame0157.ply	38.9088	42.0401	41.0364	767672	2.00953	6.246	921654
frame0158.ply	38.9172	41.989	41.1124	785976	1.442145	5.842	913820
frame0159.ply	38.8645	41.8828	40.9887	820248	2.036784	6.446	929017
frame0160.ply	38.8516	42.176	41.2055	798792	2.021095	6.305	890842
frame0161.ply	38.7822	41.6587	40.8772	814232	2.066683	6.287	919202
frame0162.ply	38.8511	41.9939	41.0518	756168	1.464891	5.693	887426
frame0163.ply	38.856	42.2139	41.2347	804872	1.509003	5.907	896414
frame0164.ply	38.8519	42.2701	41.3055	801320	1.502961	5.904	907807
frame0165.ply	38.6416	41.4614	40.6995	836704	1.323746	5.852	872900
frame0166.ply	38.679	41.9746	41.0768	840424	1.308521	5.96	902397
frame0167.ply	38.719	41.789	40.9728	798624	1.268836	5.921	906361
frame0168.ply	38.7121	41.6754	40.9167	805496	1.262925	5.871	901584
frame0169.ply	38.7717	42.1776	41.1708	807136	1.274037	5.869	907418
frame0170.ply	38.7992	41.7579	40.945	810760	1.262444	5.944	914163
frame0171.ply	38.7976	41.977	41.1055	809440	1.261498	5.968	911913
frame0172.ply	38.7469	41.6321	40.8492	802888	1.269264	5.97	926009
frame0173.ply	38.6992	41.7675	40.8817	824832	1.260329	6.024	923764
frame0174.ply	38.6257	41.5622	40.7868	854488	1.307649	6.108	949513
frame0175.ply	38.6424	41.6927	40.8688	843624	1.289192	6.116	954693
frame0176.ply	38.674	42.1778	41.2313	863360	1.273273	6.232	944398
frame0177.ply	38.6074	41.914	41.0288	888920	1.301514	6.3	960043
frame0178.ply	38.5417	41.4643	40.7027	915336	1.323474	6.345	955112
frame0179.ply	38.558	41.8826	41.0276	907744	1.304182	6.358	952683
frame0180.ply	38.5734	42.0258	41.1036	907280	1.309383	6.341	955477
frame0181.ply	38.5344	41.7557	40.8941	929328	1.335651	6.343	942918
frame0182.ply	38.536	41.4062	40.6331	919440	1.344216	6.324	941599
frame0183.ply	38.5437	41.4322	40.6799	915552	1.328263	6.381	949825
frame0184.ply	38.5	41.5775	40.7648	903952	1.320277	6.284	940022
frame0185.ply	38.4972	41.2871	40.5525	906656	1.332894	6.319	946683
frame0186.ply	38.5907	41.8822	41.0272	897576	1.343742	6.265	944577
frame0187.ply	38.5862	41.8718	41.007	903152	1.348491	6.28	939524
frame0188.ply	38.5498	41.4924	40.7662	900536	1.337164	6.29	933962
frame0189.ply	38.5611	41.5723	40.7809	883424	1.306004	6.27	930995
frame0190.ply	38.6162	41.7743	40.9513	875072	1.307772	6.217	934466
frame0191.ply	38.6171	41.8756	41.0788	881232	1.315259	6.278	935089
frame0192.ply	38.6708	41.8711	41.0228	850528	1.275233	6.225	928746
frame0193.ply	38.6677	42.0468	41.12	852976	1.2774	6.194	933797
frame0194.ply	38.7407	42.3197	41.3691	824696	1.246599	6.186	936186
frame0195.ply	38.6763	41.7807	40.9727	826824	1.268834	6.161	937365
frame0196.ply	38.7669	42.2482	41.2631	825272	1.270798	6.102	940715
frame0197.ply	38.7407	41.8069	40.9165	824344	1.257208	6.188	948341
frame0198.ply	38.7393	41.7082	40.7991	787992	1.240898	6.009	945276
frame0199.ply	38.8198	42.2002	41.2109	796128	1.233901	6.124	923228
frame0200.ply	38.9	42.2144	41.27	778728	1.229989	6.055	929098
frame0201.ply	39.022	42.6545	41.5603	758584	1.19739	5.986	919037
frame0202.ply	39.09	42.454	41.4115	718528	1.165732	5.904	915412
frame0203.ply	39.1636	42.929	41.7633	712288	1.136061	5.928	925256
frame0204.ply	39.2971	42.9348	41.7379	668096	1.098633	5.789	913507
frame0205.ply	39.3177	42.7774	41.5751	685064	1.078543	5.938	913577
frame0206.ply	39.3748	43.0802	41.7904	644976	1.027337	5.883	904123
frame0207.ply	39.292	43.0615	41.8223	679832	1.069232	5.85	913526
frame0208.ply	39.2713	42.5522	41.371	662416	1.022751	5.84	907146
frame0209.ply	39.2143	42.4851	41.3917	681992	1.05391	5.825	920319
frame0210.ply	39.0405	42.2105	41.1797	708120	1.105202	5.843	919468
frame0211.ply	39.029	42.346	41.3131	729544	1.128773	5.894	919285
frame0212.ply	38.9832	42.5044	41.4682	754000	1.45383	5.901	930808
frame0213.ply	38.8823	42.0907	41.1631	773032	1.209716	5.919	930173
frame0214.ply	38.8663	41.9366	41.0466	772936	1.208948	5.942	928013
frame0215.ply	38.8957	42.0475	41.1057	778208	1.225704	5.884	938301
frame0000.ply	42.4887	44.7983	43.9827	2057344	4.342571	7.833	960703
frame0001.ply	42.4619	44.812	44.0167	2064312	4.309631	7.797	952178
frame0002.ply	42.4132	44.7653	43.9758	2089048	4.488217	7.747	949129
frame0003.ply	42.5162	44.6371	43.8493	2024408	4.293813	7.797	954852
frame0004.ply	42.5936	44.8749	44.027	1980144	4.137892	7.752	959854
frame0005.ply	42.6466	44.974	44.0949	1903488	3.893158	7.796	959889
frame0006.ply	42.5698	44.7605	43.9034	1839168	4.117705	7.336	953156
frame0007.ply	42.5379	44.7271	43.8911	1913432	4.176198	7.472	947112
frame0008.ply	42.5407	44.9719	44.0926	1889752	4.08101	7.475	960368
frame0009.ply	42.5167	44.7274	43.8876	1862184	4.231108	7.307	958061
frame0010.ply	42.5133	44.8014	43.9672	1858632	4.152883	7.344	956482
frame0011.ply	42.5101	44.831	43.9439	1860456	4.098629	7.277	955417
frame0012.ply	42.4691	44.6208	43.8765	1883200	4.233088	7.23	958615
frame0013.ply	42.497	44.7233	43.9472	1877440	4.147019	7.385	959478
frame0014.ply	42.5532	44.7621	43.9389	1838360	4.023556	7.474	967615
frame0015.ply	42.6188	44.9251	44.0799	1745568	3.976128	7.191	961783
frame0016.ply	42.6714	45.1781	44.2384	1749736	4.044612	7.35	965612
frame0017.ply	42.6059	44.8675	44.0637	1761168	4.251108	7.103	958200
frame0018.ply	42.5659	44.9492	44.0834	1740512	3.107479	6.596	955097
frame0019.ply	42.5829	45.0454	44.1806	1731720	4.249859	7.085	960959
frame0020.ply	42.5405	44.844	44.0218	1770728	4.28767	7.112	958187
frame0021.ply	42.7001	45.0614	44.1545	1636296	3.034111	6.589	963526
frame0022.ply	42.7575	45.3224	44.3599	1592392	2.941635	6.615	972887
frame0023.ply	42.9314	45.6367	44.5313	1457568	2.840692	6.346	965423
frame0024.ply	42.9117	45.4265	44.4548	1483280	2.847754	6.443	958172
frame0025.ply	42.8338	45.1355	44.2368	1528632	2.98215	6.383	959318
frame0026.ply	42.8474	45.5155	44.5225	1526024	2.871185	6.418	948051
frame0027.ply	42.7576	45.2812	44.3801	1593752	3.000901	6.488	941611
frame0028.ply	42.6469	45.0218	44.1818	1680520	3.063903	6.534	929885
frame0029.ply	42.6099	45.1594	44.3028	1704696	3.124438	6.525	923523
frame0030.ply	42.546	44.7319	43.9839	1738632	3.116362	6.442	923347
frame0031.ply	42.6254	45.1883	44.3271	1700768	3.094374	6.494	927066
frame0032.ply	42.6381	45.0863	44.2153	1625712	3.078589	6.338	921419
frame0033.ply	42.7094	45.0075	44.1764	1617696	3.004399	6.439	926468
frame0034.ply	42.75	45.2115	44.3159	1580272	2.976652	6.411	931275
frame0035.ply	42.7476	45.4732	44.4893	1555264	3.013233	6.258	918635
frame0036.ply	42.6678	45.0715	44.2358	1585296	3.087684	6.132	930133
frame0037.ply	42.6656	45.0071	44.1777	1599080	3.015094	6.257	918173
frame0038.ply	42.5729	44.8223	44.0823	1626096	3.084491	6.173	923617
frame0039.ply	42.627	44.8988	44.1384	1613872	3.025674	6.337	917298
frame0040.ply	42.7344	45.2666	44.3859	1533040	3.010052	6.167	930627
frame0041.ply	42.7169	45.2997	44.3921	1555112	3.004872	6.267	913742
frame0042.ply	42.7479	45.0976	44.1964	1503928	2.917333	6.107	924473
frame0043.ply	42.7209	45.2529	44.3463	1533336	2.929186	6.221	905559
frame0044.ply	42.6509	45.0899	44.2291	1562480	3.061031	6.125	904735
frame0045.ply	42.6067	44.8775	44.0745	1632656	3.101436	6.28	909416
frame0046.ply	42.5632	45.026	44.2008	1650584	3.091788	6.274	909620
frame0047.ply	42.5057	44.8267	44.059	1773112	3.312346	6.261	901318
frame0048.ply	42.5515	44.8627	44.1063	1762744	3.220575	6.463	907434
frame0049.ply	42.522	44.7176	43.9851	1777336	3.232546	6.506	885571
frame0050.ply	42.6058	45.2565	44.3854	1650992	3.103074	6.41	901521
frame0051.ply	42.5865	45.0256	44.1839	1650472	3.088588	6.359	896188
frame0052.ply	42.5582	44.9208	44.1779	1718024	3.205527	6.391	891919
frame0053.ply	42.5631	44.9907	44.2552	1700032	3.17764	6.442	889550
frame0054.ply	42.537	45.0592	44.303	1712632	3.217003	6.423	904540
frame0055.ply	42.537	45.0081	44.288	1714080	3.194612	6.498	893825
frame0056.ply	42.5184	44.7683	44.0801	1696128	3.207272	6.319	900046
frame0057.ply	42.5877	45.2677	44.4301	1656824	3.123578	6.431	898469
frame0058.ply	42.5541	44.9658	44.1986	1642136	3.173323	6.264	895351
frame0059.ply	42.5576	44.9493	44.1806	1691608	3.215751	6.338	892609
frame0060.ply	42.5802	44.9576	44.1606	1684072	3.193164	6.361	903848
frame0061.ply	42.5648	44.882	44.1365	1744040	3.217406	6.432	903500
frame0062.ply	42.5603	44.6964	44.0049	1711544	3.262758	6.322	909375
frame0063.ply	42.5801	44.836	44.1406	1782000	3.273078	6.538	922063
frame0064.ply	42.5175	44.5645	43.8987	1783160	3.304719	6.431	981998
frame0065.ply	42.5617	44.7232	44.0282	1760200	3.22216	6.499	1044668
frame0066.ply	42.5915	45.0611	44.2384	1724728	3.203074	6.489	1184649
frame0067.ply	42.5911	45.0219	44.2308	1788000	3.228047	6.659	1289003
frame0068.ply	42.538	44.833	44.1032	1766264	3.344636	6.406	1389266
frame0069.ply	42.5602	44.6807	44.0339	1837136	3.313582	6.647	1423669
frame0070.ply	42.5506	44.8243	44.1316	1784912	3.319772	6.464	1466694
frame0071.ply	42.5589	44.8244	44.1212	1783016	3.293536	6.473	1468667
frame0072.ply	42.5355	45.0197	44.248	1716472	3.260202	6.347	1449437
frame0073.ply	42.5443	44.9686	44.1908	1746592	3.297998	6.372	1438471
frame0074.ply	42.5294	44.768	44.0515	1762664	3.344791	6.366	1418866
frame0075.ply	42.5078	44.7715	44.0531	1774848	3.313987	6.372	1463456
frame0076.ply	42.5477	45.0124	44.2526	1712768	3.240919	6.341	1454905
frame0077.ply	42.4494	44.7753	44.0168	1795376	3.337209	6.398	1469391
frame0078.ply	42.4237	44.7691	44.0226	1821864	3.419868	6.441	1459966
frame0079.ply	42.4352	44.6706	43.9355	1857608	3.398804	6.499	1451967
frame0080.ply	42.4512	44.6742	43.9605	1828672	3.440624	6.37	1475797
frame0081.ply	42.4915	44.9899	44.1844	1814488	3.346074	6.571	1484814
frame0082.ply	42.4397	44.5435	43.8529	1870920	3.427592	6.532	1414040
frame0083.ply	42.5165	45.0435	44.2186	1777792	3.303226	6.488	1470959
frame0084.ply	42.5352	45.0199	44.2286	1783456	3.288436	6.524	1438796
frame0085.ply	42.5458	44.9165	44.1227	1808664	3.286424	6.594	1447874
frame0086.ply	42.6011	45.3114	44.3898	1673520	3.119136	6.47	1474871
frame0087.ply	42.665	45.3147	44.3311	1646016	3.080371	6.525	1448832
frame0088.ply	42.8375	45.5995	44.5508	1551184	2.919671	6.543	1489816
frame0089.ply	43.0153	45.7091	44.5853	1423152	2.686197	6.474	1487964
frame0090.ply	43.1047	45.8379	44.688	1355464	2.572322	6.469	1490975
frame0091.ply	43.164	45.8755	44.8037	1398008	2.535617	6.769	1493848
frame0092.ply	43.1099	45.8203	44.7475	1301832	1.922854	6.312	1400977
frame0093.ply	42.966	45.7697	44.7022	1418624	2.009723	6.57	1335004
frame0094.ply	42.8441	45.2176	44.3076	1570272	2.115108	6.725	1219537
frame0095.ply	42.9753	45.7676	44.7424	1470240	2.055251	6.473	1029896
frame0096.ply	42.9117	45.3932	44.4685	1584120	2.077567	6.881	942890
frame0097.ply	42.9493	45.4236	44.4978	1572784	2.060288	6.876	908281
frame0098.ply	42.86	45.4646	44.479	1640720	2.054688	6.943	900013
frame0099.ply	42.7694	45.3243	44.3823	1692576	2.259783	6.963	915676
frame0100.ply	42.7468	45.3587	44.4338	1788672	3.038686	7.248	909670
frame0101.ply	42.6677	45.2783	44.3896	1810528	3.155335	7.144	924218
frame0102.ply	42.635	44.998	44.1947	1895712	3.218052	7.308	911880
frame0103.ply	42.6875	45.3393	44.4312	1873416	3.149718	7.404	906065
frame0104.ply	42.6544	45.2466	44.3296	1868520	2.24214	7.318	915025
frame0105.ply	42.6214	44.9449	44.125	1875488	2.24373	7.464	929436
frame0106.ply	42.6877	45.2212	44.2617	1786736	2.18084	7.195	938912
frame0107.ply	42.9368	45.5641	44.5397	1649816	1.990887	7.243	942155
frame0108.ply	43.0061	45.7424	44.6226	1609736	1.927181	7.279	973390
frame0109.ply	43.1956	45.6376	44.6197	1452992	1.873564	6.817	979861
frame0110.ply	43.1474	45.8041	44.7022	1573512	1.912737	7.292	1000493
frame0111.ply	43.1476	45.7547	44.6433	1565736	1.899245	7.253	1000774
frame0112.ply	42.8959	45.3845	44.3077	1740352	2.151574	7.175	1001474
frame0113.ply	42.7116	45.1599	44.1512	1855976	2.26963	7.207	1024402
frame0114.ply	42.7218	45.1692	44.1814	1881760	2.25915	7.324	1014004
frame0115.ply	43.0626	45.5235	44.4613	1719400	2.01491	7.458	1027824
frame0116.ply	43.1356	45.519	44.4949	1610920	1.958926	7.17	1028960
frame0117.ply	43.2745	45.7153	44.7406	1544104	1.845671	7.302	1018972
frame0118.ply	43.2542	45.754	44.8456	1340912	1.839737	6.344	1012591
frame0119.ply	43.2598	45.832	44.9615	1380584	1.796378	6.692	1001271
frame0120.ply	43.1377	45.7009	44.7397	1386888	1.877408	6.5	1010416
frame0121.ply	43.0613	45.612	44.5941	1303368	1.947215	5.996	971916
frame0122.ply	42.9819	45.4164	44.3955	1381672	1.976325	6.302	1003489
frame0123.ply	42.89	45.7003	44.5724	1489424	2.689475	6.496	980440
frame0124.ply	42.7557	45.3092	44.1973	1447424	2.196211	6.058	954320
frame0125.ply	42.7212	45.1243	44.1438	1644920	2.894747	6.518	952005
frame0126.ply	42.6188	44.9305	43.9242	1774560	4.199984	7.172	965466
frame0127.ply	42.4665	44.787	43.8907	1913024	4.440637	7.192	907397
frame0128.ply	42.4608	44.6711	43.8272	1918992	4.305945	7.338	912852
frame0129.ply	42.3985	44.7946	43.9086	1959232	4.361395	7.326	929095
frame0130.ply	42.3825	44.6404	43.7493	1922728	4.432785	7.104	899562
frame0131.ply	42.4212	44.7194	43.8918	2003040	4.311073	7.485	919470
frame0132.ply	42.4374	44.8146	43.9174	1951712	4.274713	7.443	862219
frame0133.ply	42.3983	44.5911	43.8255	1959120	4.410441	7.241	901500
frame0134.ply	42.4372	44.9041	44.0435	1942736	4.373714	7.419	886708
frame0135.ply	42.3882	44.6639	43.8683	1983200	4.461462	7.429	894232
frame0136.ply	42.4274	44.8701	44.0037	1934880	4.413737	7.295	880218
frame0137.ply	42.4586	44.9144	44.0648	1895024	4.296598	7.471	891481
frame0138.ply	42.4636	44.7227	43.9502	1903608	4.308966	7.361	887033
frame0139.ply	42.4786	44.824	44.0054	1898344	4.377965	7.365	908892
frame0140.ply	42.4865	44.8343	43.9795	1858224	4.312321	7.25	914692
frame0141.ply	42.4928	44.898	44.0195	1882304	4.394184	7.296	919341
frame0142.ply	42.5549	45.0347	44.1163	1798552	4.278473	7.125	928464
frame0143.ply	42.5303	44.846	44.0246	1819488	4.270789	7.151	918053
frame0144.ply	42.5203	44.981	44.0946	1820824	4.348874	7.1	945683
frame0145.ply	42.519	44.6103	43.8159	1844912	4.43434	6.994	969072
frame0146.ply	42.4685	44.8519	43.9971	1772392	4.485636	6.751	960616
frame0147.ply	42.4403	44.6813	43.915	1897264	4.664614	6.917	938690
frame0148.ply	42.3351	44.5758	43.7649	1794344	3.395827	6.107	961158
frame0149.ply	42.3228	44.6412	43.8723	1869440	3.435301	6.318	961957
frame0150.ply	42.3892	44.8205	43.9956	1803240	3.400796	6.177	961476
frame0151.ply	42.3632	44.4932	43.7793	1825872	3.561786	6.124	975114
frame0152.ply	42.3211	44.3375	43.584	1812544	3.515157	5.975	968768
frame0153.ply	42.4518	44.6408	43.8614	1786968	3.477348	6.16	971271
frame0154.ply	42.3853	44.4873	43.6557	1678104	2.80547	5.774	963890
frame0155.ply	42.4264	44.5854	43.7798	1768352	3.413347	6.027	952174
frame0156.ply	42.4033	44.6675	43.8479	1740208	3.311099	5.939	946103
frame0157.ply	42.3914	44.4801	43.6627	1743088	4.647566	6.281	921654
frame0158.ply	42.3926	44.5572	43.7742	1767728	3.296962	5.9	913820
frame0159.ply	42.379	44.4669	43.7272	1851008	4.698194	6.481	929017
frame0160.ply	42.3469	44.6164	43.8384	1774880	4.674896	6.296	890842
frame0161.ply	42.2963	44.2441	43.582	1852560	4.815184	6.362	919202
frame0162.ply	42.361	44.3982	43.6649	1723248	3.428892	5.714	887426
frame0163.ply	42.3641	44.6405	43.8557	1790720	3.409839	5.979	896414
frame0164.ply	42.3497	44.7116	43.9052	1774808	3.349318	5.937	907807
frame0165.ply	42.2245	44.0965	43.4851	1916376	3.05038	5.889	872900
frame0166.ply	42.23	44.4737	43.77	1885480	2.97473	6.002	902397
frame0167.ply	42.2436	44.2397	43.6134	1844720	2.9807	5.929	906361
frame0168.ply	42.2421	44.2343	43.5812	1844272	2.88506	5.893	901584
frame0169.ply	42.2891	44.6276	43.8574	1804144	2.86177	5.922	907418
frame0170.ply	42.2946	44.3727	43.7196	1856872	2.92127	5.964	914163
frame0171.ply	42.2932	44.5162	43.7817	1827448	2.84553	6.013	911913
frame0172.ply	42.2529	44.1814	43.5411	1863184	2.94285	5.979	926009
frame0173.ply	42.2252	44.2485	43.5784	1887928	2.87087	6.039	923764
frame0174.ply	42.1897	44.1505	43.5273	1966216	3.04282	6.117	949513
frame0175.ply	42.2158	44.204	43.5577	1948576	3.01006	6.127	954693
frame0176.ply	42.2329	44.6189	43.8754	1929848	2.8501	6.276	944398
frame0177.ply	42.1998	44.3705	43.6914	2000632	2.92356	6.345	960043
frame0178.ply	42.1498	44.0462	43.4918	2093752	3.02941	6.377	955112
frame0179.ply	42.1687	44.3308	43.6837	2041320	2.92793	6.375	952683
frame0180.ply	42.1773	44.4886	43.7827	2026528	2.92799	6.363	955477
frame0181.ply	42.1486	44.3231	43.6427	2077824	2.9825	6.365	942918
frame0182.ply	42.1458	44.0156	43.4438	2098768	3.05951	6.331	941599
frame0183.ply	42.1457	44.0536	43.4614	2101888	3.04383	6.426	949825
frame0184.ply	42.1299	44.1258	43.4984	2057800	2.99681	6.304	940022
frame0185.ply	42.1185	43.8862	43.3462	2104264	3.11011	6.351	946683
frame0186.ply	42.1927	44.4146	43.7488	2013808	3.03302	6.331	944577
frame0187.ply	42.1842	44.4204	43.749	2024840	3.04255	6.33	939524
frame0188.ply	42.1527	44.1231	43.5179	2059192	3.08783	6.278	933962
frame0189.ply	42.1615	44.0818	43.4814	2028776	3.00349	6.274	930995
frame0190.ply	42.1862	44.2858	43.654	1984088	3.00258	6.229	934466
frame0191.ply	42.1902	44.4394	43.7652	1986016	2.98595	6.283	935089
frame0192.ply	42.2184	44.3542	43.6877	1936704	2.91458	6.236	928746
frame0193.ply	42.2213	44.506	43.7838	1926440	2.90703	6.184	933797
frame0194.ply	42.2566	44.6836	43.9179	1849472	2.80041	6.207	936186
frame0195.ply	42.2212	44.2869	43.616	1906120	2.95875	6.142	937365
frame0196.ply	42.273	44.6755	43.8895	1843864	2.83989	6.157	940715
frame0197.ply	42.2692	44.2681	43.5898	1901448	2.90687	6.213	948341
frame0198.ply	42.2612	44.1496	43.4881	1836600	2.91645	5.994	945276
frame0199.ply	42.3102	44.5332	43.7674	1807064	2.81768	6.115	923228
frame0200.ply	42.3795	44.6409	43.8568	1766064	2.83693	6.051	929098
frame0201.ply	42.4662	44.9916	44.0932	1680552	2.66792	5.988	919037
frame0202.ply	42.5249	44.8011	43.9553	1631416	2.67064	5.904	915412
frame0203.ply	42.5804	45.1837	44.2006	1577808	2.528426	5.972	925256
frame0204.ply	42.6627	45.1782	44.2133	1498544	2.491953	5.799	913507
frame0205.ply	42.6882	45.0653	44.1036	1548944	2.4657	6.006	913577
frame0206.ply	42.7313	45.2197	44.1981	1458192	2.366876	5.888	904123
frame0207.ply	42.6674	45.2818	44.2525	1502064	2.40322	5.875	913526
frame0208.ply	42.6369	44.7592	43.8277	1517048	2.38981	5.874	907146
frame0209.ply	42.6096	44.7574	43.8678	1543376	2.42323	5.831	920319
frame0210.ply	42.4704	44.5125	43.6992	1618440	2.57134	5.832	919468
frame0211.ply	42.4623	44.6382	43.8323	1652248	2.61285	5.944	919285
frame0212.ply	42.4396	44.8613	44.0013	1673384	3.288373	5.944	930808
frame0213.ply	42.3723	44.5741	43.8145	1745856	2.77675	5.939	930173
frame0214.ply	42.3649	44.351	43.6439	1760696	2.78038	5.958	928013
frame0215.ply	42.3687	44.5399	43.7533	1755808	2.8039	5.908	938301
