frame0000.ply	34.0369	42.1015	41.0068	17056	0.02957504	5.709	1.824	1.468	1355867
frame0001.ply	33.9425	41.844	40.8767	17512	0.0306662	12.565	3.684	3.343	1345170
frame0002.ply	34.2023	41.9795	41.2552	17128	0.029662	12.084	3.281	3.423	1357068
frame0003.ply	34.2738	42.1567	41.0325	16960	0.0290156	12.381	3.75	3.443	1364251
frame0004.ply	34.248	42.2383	41.0172	16896	0.0288184	12.914	3.978	3.556	1371270
frame0005.ply	33.9475	42.1485	40.685	17680	0.0302328	11.416	2.55	3.555	1385105
frame0006.ply	34.0047	41.9305	40.8799	17432	0.0309024	11.36	3.066	3.088	1357187
frame0007.ply	34.0153	41.928	40.8928	17576	0.0307628	12.976	4.035	3.608	1382194
frame0008.ply	34.0696	41.9781	40.8526	17208	0.0304283	11.116	3.687	3.487	1363507
frame0009.ply	34.1671	41.9568	40.8453	17376	0.0295205	10.747	2.474	3.05	1370263
frame0010.ply	34.2856	42.2817	41.4148	16352	0.0275026	9.128	3.174	2.478	1370766
frame0011.ply	34.3313	42.2099	41.2445	16696	0.02843041	9.877	3.071	1.74	1370623
frame0012.ply	34.0736	42.0597	41.1627	16960	0.0292367	7.401	2.527	1.886	1350376
frame0013.ply	33.9187	41.9904	41.0112	17224	0.02919776	12.718	3.766	3.402	1372336
frame0014.ply	33.9299	41.9529	40.6816	17672	0.0302944	12.819	3.761	3.426	1371663
frame0015.ply	34.1679	42.0439	40.7603	17120	0.02960159	13.61	3.984	3.63	1359395
frame0016.ply	34.1739	42.0703	40.6726	16728	0.0287312	13.517	3.962	3.625	1350660
frame0017.ply	34.1127	42.2161	40.844	17032	0.0311789	13.411	4.324	3.944	1349550
frame0018.ply	33.6436	41.8167	40.4047	18576	0.0327656	11.993	2.714	3.325	1348818
frame0019.ply	33.8056	41.9648	40.3847	18856	0.0324504	13.755	4.021	3.706	1373324
frame0020.ply	33.608	41.7905	40.544	18488	0.0323228	13.343	3.707	3.402	1334702
frame0021.ply	33.5515	41.8497	40.1703	19464	0.0320001	13.624	4.011	3.667	1358782
frame0022.ply	33.612	41.7104	40.2216	19016	0.0470582	12.663	3.728	3.142	1350788
frame0023.ply	33.6145	41.7754	40.3822	18536	0.03336607	8.719	2.242	1.792	1339374
frame0024.ply	33.6406	41.7535	40.2244	19272	0.0465746	13.563	4.009	3.672	1366468
frame0025.ply	33.7886	41.8979	40.5589	18296	0.0446026	11.531	3.376	3.646	1356038
frame0026.ply	33.8013	41.8928	40.4664	18048	0.0333052	10.428	4.238	3.39	1334468
frame0027.ply	33.6399	41.9363	40.4179	18152	0.032292	7.844	2.386	1.9	1364492
frame0028.ply	33.6995	41.8533	40.7858	17232	0.03136181	11.693	2.513	3.493	1342577
frame0029.ply	33.7811	41.8499	40.7802	17400	0.0323481	12.28	2.637	3.858	1328394
frame0030.ply	33.7679	42.0035	40.7823	17264	0.03186728	14.476	4.415	4.098	1337345
frame0031.ply	33.6185	41.778	40.4687	17712	0.0331363	12.67	3.577	3.226	1318377
frame0032.ply	33.8651	41.8717	40.5158	17880	0.03334173	12.765	2.857	4.064	1345477
frame0033.ply	33.9001	41.844	40.746	17648	0.03268508	10.053	2.89	2.13	1356166
frame0034.ply	33.8743	41.9102	40.6587	17032	0.03157289	14.463	4.431	4.129	1344389
frame0035.ply	33.6612	41.7616	40.5138	17680	0.03283916	9.095	3.099	2.125	1345954
frame0036.ply	33.9663	42.0405	40.5145	17400	0.03195601	13.819	3.858	4.096	1346000
frame0037.ply	33.9583	42.0682	40.7829	16808	0.03206556	13.7	3.967	4.071	1306970
frame0038.ply	34.1466	42.0559	40.9395	16496	0.03031623	14.264	4.342	4.042	1318282
frame0039.ply	33.9325	42.0441	40.6484	17160	0.03190295	12.608	4.285	3.955	1317888
frame0040.ply	34.036	42.0071	40.7007	16672	0.0305059	13.99	4.277	3.984	1311164
frame0041.ply	34.205	42.1181	40.9742	16088	0.0286044	13.52	3.891	4.018	1316488
frame0042.ply	35.0371	42.626	41.8063	13520	0.023861	9.97	4.227	2.996	1254419
frame0043.ply	35.1444	42.4367	42.1258	13128	0.0242659	11.714	2.959	3.882	1223686
frame0044.ply	35.0425	42.6467	41.7138	13680	0.0248846	11.863	4.403	4.086	1220755
frame0045.ply	35.0531	42.6328	42.0109	13192	0.0243863	12.451	3.926	4.166	1202345
frame0046.ply	35.0837	42.8434	41.8533	13080	0.0238839	7.338	2.743	2.066	1212124
frame0047.ply	34.9737	42.3009	41.8557	13432	0.0301721	11.51	4.088	3.551	1152696
frame0048.ply	34.9801	42.3507	41.9637	13432	0.03029219	12.178	3.956	3.713	1137424
frame0049.ply	35.0768	42.6347	41.7805	12536	0.0114056	11.648	4.795	4.439	1099110
frame0050.ply	34.9331	42.7237	42.0055	12304	0.0113174	11.539	4.756	4.361	1087177
frame0051.ply	34.8065	42.5627	41.8018	13352	0.02401519	11.816	2.376	2.268	1110050
frame0052.ply	34.6951	42.2232	42.0008	13136	0.02371426	11.36	2.186	2.273	1102339
frame0053.ply	34.9019	42.1184	41.8245	13376	0.02408224	11.823	2.411	2.275	1107674
frame0054.ply	34.7841	42.3435	41.5513	13264	0.0123317	6.674	2.785	2.221	1075606
frame0055.ply	34.5396	42.3825	41.6603	13528	0.012476	11.494	4.747	4.371	1084325
frame0056.ply	34.1889	42.1285	41.2385	14464	0.0134326	9.444	3.027	4.291	1076782
frame0057.ply	34.4965	41.9258	41.4032	14080	0.0133039	6.014	2.769	2.055	1058338
frame0058.ply	34.6506	41.9406	41.514	14096	0.0130548	11.468	4.775	4.348	1079759
frame0059.ply	34.7158	42.1567	41.8775	13648	0.0128235	11.1	4.535	4.265	1064293
frame0060.ply	34.5013	42.2344	41.4701	13792	0.012775	6.035	2.835	2.063	1079612
frame0061.ply	34.717	42.107	41.6441	13360	0.0126304	10.354	3.922	4.256	1057769
frame0062.ply	34.9154	42.4188	42.1224	13168	0.0123675	10.522	4.011	4.277	1064722
frame0063.ply	34.745	42.0148	41.78	13080	0.0124324	9.054	2.765	4.172	1052093
frame0064.ply	34.7832	42.2566	41.9516	12840	0.0119605	10.472	3.946	4.328	1073535
frame0065.ply	34.7243	42.4896	41.8549	12760	0.0118417	10.942	4.415	4.227	1077545
frame0066.ply	34.9221	42.1757	41.8087	13032	0.0119647	11.271	4.665	4.354	1089208
frame0067.ply	34.9136	42.3804	42.0232	12984	0.011904	11.556	4.826	4.379	1090724
frame0068.ply	34.9789	42.5906	41.8047	12616	0.0114829	10.788	4.1	4.419	1098680
frame0069.ply	34.8058	42.3594	41.8008	13064	0.0120375	11.409	4.736	4.345	1085276
frame0070.ply	34.9614	42.4296	42.1918	12328	0.0113373	11.086	4.487	4.367	1087388
frame0071.ply	35.0877	42.7764	42.0449	12264	0.0113729	11.591	4.739	4.349	1078349
frame0072.ply	34.9795	42.8635	42.2168	11976	0.0110982	11.563	4.734	4.342	1079097
frame0073.ply	34.9728	42.6053	42.4937	11936	0.0110009	11.58	4.736	4.357	1085005
frame0074.ply	34.8765	42.6922	42.0137	12368	0.02232055	11.446	1.898	2.258	1103985
frame0075.ply	34.8711	42.4813	42.1069	12088	0.0109946	9.61	4.283	2.815	1099444
frame0076.ply	34.982	42.6739	42.2753	11920	0.02140378	8.301	1.597	1.17	1104819
frame0077.ply	34.7914	42.529	42.0235	12496	0.0226273	11.868	2.408	2.196	1103358
frame0078.ply	35.007	42.4444	42.2108	12288	0.0111941	10.294	3.482	4.407	1097726
frame0079.ply	34.8527	42.3135	41.9151	12656	0.0115279	11.147	4.3	4.423	1097861
frame0080.ply	34.8918	42.4145	41.9035	13000	0.02336908	11.051	1.905	1.857	1109117
frame0081.ply	34.7184	42.2547	42.0536	13168	0.02363933	11.75	2.173	2.256	1112254
frame0082.ply	34.7191	42.3298	41.8675	13128	0.02371792	7.409	1.43	1.707	1106606
frame0083.ply	34.8193	42.5595	41.7267	12880	0.0117595	11.683	4.79	4.397	1095285
frame0084.ply	34.8906	42.4391	41.9221	12656	0.0116678	8.216	4.682	2.235	1084692
frame0085.ply	35.0053	42.4049	42.0134	12696	0.0115639	10.337	3.473	4.401	1097901
frame0086.ply	35.1393	42.5129	42.4484	12392	0.0115464	11.053	4.333	4.308	1073234
frame0087.ply	35.0331	42.6251	42.0204	12632	0.0117334	11.447	4.554	4.334	1076582
frame0088.ply	34.8957	42.3284	41.9653	12816	0.011912	11.251	4.491	4.324	1075891
frame0089.ply	34.8903	42.3184	42.1521	12832	0.0118376	11.392	4.636	4.187	1084000
frame0090.ply	34.8629	42.4746	42.1342	12720	0.0118279	9.781	3.059	4.319	1075424
frame0091.ply	34.8981	42.2293	42.1229	12960	0.0119304	11.556	4.712	4.378	1086299
frame0092.ply	34.7948	42.6599	42.0203	12664	0.0117539	11.435	4.641	4.316	1077432
frame0093.ply	34.8376	42.4217	42.0559	12840	0.0118611	8.02	2.804	2.794	1082531
frame0094.ply	34.8406	42.236	42.1389	12936	0.0121438	11.264	4.604	4.269	1065239
frame0095.ply	34.9845	42.3895	42.2423	12600	0.0117597	8.062	4.532	2.226	1071453
frame0096.ply	34.9507	42.2937	42.1106	12544	0.0116663	11.535	4.667	4.323	1075233
frame0097.ply	35.0494	42.3899	42.2742	12320	0.0114469	6.223	2.776	2.254	1076278
frame0098.ply	34.9978	42.5129	42.0852	12272	0.0114749	10.784	4.106	4.283	1069466
frame0099.ply	35.1244	42.396	42.1785	12536	0.0115303	11.559	4.72	4.37	1087225
frame0100.ply	34.8933	42.5386	42.1774	12056	0.0112251	10.686	3.95	4.314	1074025
frame0101.ply	34.9939	42.4963	42.1814	12568	0.0115001	11.759	4.759	4.4	1092864
frame0102.ply	34.8505	42.5862	41.9836	12480	0.0115573	11.625	4.716	4.351	1079840
frame0103.ply	34.8506	42.5112	42.2564	12552	0.0114607	11.73	4.798	4.386	1095217
frame0104.ply	34.8505	42.2792	42.3964	12640	0.0115969	11.663	4.754	4.378	1089950
frame0105.ply	34.9277	42.4976	42.1739	12536	0.0115828	9.439	2.806	4.178	1082292
frame0106.ply	34.9545	42.1982	42.1645	12848	0.0119385	9.621	2.938	4.197	1076182
frame0107.ply	34.8801	42.4891	42.1362	12408	0.0115831	6.221	2.755	2.243	1071217
frame0108.ply	34.9548	42.1374	42.1091	12792	0.0119727	11.506	4.689	4.288	1068435
frame0109.ply	34.9199	42.2743	42.2648	12632	0.0118033	6.175	2.756	2.221	1070207
frame0110.ply	34.8037	42.3984	42.1868	12648	0.0118346	11.508	4.676	4.289	1068733
frame0111.ply	34.9074	42.4802	41.8313	12904	0.012095	11.385	4.619	4.239	1066887
frame0112.ply	34.7653	42.2093	41.9984	12832	0.0121382	11.351	4.608	4.243	1057158
frame0113.ply	34.8214	41.8992	41.7593	13360	0.0124173	7.106	2.853	2.144	1075922
frame0114.ply	34.7095	42.2503	41.8913	12592	0.0119841	6.922	3.628	1.99	1050727
frame0115.ply	34.8301	42.0015	42.1078	12848	0.0121862	11.177	4.648	4.202	1054305
frame0116.ply	34.8226	42.1511	42.0725	12832	0.0121555	10.292	3.793	4.214	1055651
frame0117.ply	34.8023	42.3481	41.7943	12872	0.0122679	8.137	4.227	2.783	1049239
frame0118.ply	34.6052	42.0812	41.8634	12856	0.0122096	11.154	4.625	4.219	1052946
frame0119.ply	34.6814	42.4066	41.717	13088	0.0121649	11.386	4.765	4.305	1075886
frame0120.ply	34.6679	42.3328	41.8411	12832	0.0119098	11.298	4.678	4.257	1077435
frame0121.ply	34.6214	42.1747	42.0187	12768	0.011711	11.455	4.719	4.366	1090256
frame0122.ply	34.7988	42.3604	42	12896	0.0118165	11.541	4.831	4.374	1091357
frame0123.ply	34.6983	42.1942	41.8545	13048	0.0120198	10.81	4.25	4.324	1085538
frame0124.ply	34.6527	41.9931	41.9832	13152	0.0121476	9.011	3.17	3.517	1082681
frame0125.ply	34.6816	42.1621	41.952	13168	0.0121986	11.417	4.776	4.304	1079468
frame0126.ply	34.7494	42.0092	41.7451	13008	0.0122678	11.185	4.683	4.218	1060339
frame0127.ply	34.6361	42.2429	41.5499	13088	0.0123254	9.963	3.323	4.263	1061868
frame0128.ply	35.0341	42.3529	41.8292	12832	0.0123222	11.092	4.533	4.202	1041371
frame0129.ply	34.8598	42.3501	42.0059	12392	0.0115791	6.164	2.764	2.262	1070200
frame0130.ply	34.9103	42.1933	41.8226	12776	0.0118036	11.463	4.641	4.376	1082379
frame0131.ply	34.3646	41.9637	41.6864	14024	0.03073215	11.854	3.623	3.369	1117742
frame0132.ply	34.4616	42.2093	41.3196	14312	0.03225072	12.273	3.869	3.523	1150712
frame0133.ply	33.2521	41.3432	40.117	18888	0.0290884	7.318	2.181	1.727	1255325
frame0134.ply	32.9661	41.101	40.0091	20416	0.0316515	13.943	3.677	3.372	1296583
frame0135.ply	33.0314	41.0813	40.0732	20392	0.0288914	12.831	3.718	3.698	1315035
frame0136.ply	32.769	40.8671	39.6204	21784	0.0326265	12.275	2.664	3.254	1300473
frame0137.ply	32.6663	40.8141	39.6376	22160	0.0350196	14.522	3.602	3.276	1341297
frame0138.ply	32.6776	40.8161	39.2545	23608	0.0369064	14.395	3.234	3.394	1393613
frame0139.ply	32.8265	40.8969	39.493	22528	0.0349432	12.803	3.47	2.161	1387162
frame0140.ply	33.2783	41.2652	39.6802	20528	0.0304163	13.269	2.904	3.5	1307576
frame0141.ply	32.7384	40.9869	39.5532	21904	0.033004	10.489	2.349	1.803	1315031
frame0142.ply	32.7139	40.9588	39.6205	22184	0.0343259	13.883	3.541	3.543	1300441
frame0143.ply	32.8519	40.9862	39.695	21576	0.0340401	12.89	3.192	3.177	1335661
frame0144.ply	32.5266	40.9622	39.2305	23456	0.0366716	13.143	2.324	2.921	1355034
frame0145.ply	32.6025	40.8279	39.2147	23360	0.0364694	14.074	3.096	3.144	1363118
frame0146.ply	32.7223	41.0967	39.1756	23128	0.0360291	11.909	3.544	3.321	1372029
frame0147.ply	32.7214	40.8444	39.3037	23464	0.0343011	14.675	2.958	2.848	1370887
frame0148.ply	32.7105	40.9693	39.7026	22224	0.0353765	14.617	3.543	3.415	1356616
frame0149.ply	33.1477	41.2547	39.9281	21240	0.033422	12.834	3.797	2.243	1360463
frame0150.ply	33.2406	41.1282	40.3324	19080	0.031967	10.063	2.652	2.671	1287012
frame0151.ply	33.6233	41.8077	40.6007	17088	0.0302415	13.404	3.909	3.581	1235515
frame0152.ply	34.7369	42.4808	41.8853	13144	0.0282255	8.784	3.56	1.807	1140860
frame0153.ply	34.9752	42.5622	42.1596	11888	0.0108786	11.579	4.725	4.324	1092789
frame0154.ply	35.1015	42.5172	42.1118	12168	0.0111361	11.589	4.678	4.401	1092660
frame0155.ply	35.0997	42.3795	42.0233	12288	0.0112059	11.571	4.806	4.399	1096562
frame0156.ply	34.8948	42.5398	41.8328	11864	0.011186	10.43	4.042	4.224	1060611
frame0157.ply	34.7992	42.4957	41.931	11944	0.0113875	11.019	4.642	4.201	1048866
frame0158.ply	35.0396	42.4772	42.2524	12272	0.0115293	11.197	4.686	4.269	1064414
frame0159.ply	35.2033	42.635	42.347	12024	0.0113041	11.24	4.695	4.243	1063685
frame0160.ply	35.1477	42.5689	42.0841	12264	0.011631	11.157	4.661	4.213	1054422
frame0161.ply	35.0724	42.5202	42.4068	11896	0.011198	11.08	4.673	4.244	1062329
frame0162.ply	35.042	42.4254	42.0051	12000	0.0113546	11.194	4.688	4.231	1056839
frame0163.ply	35.0442	42.4704	42.1805	11912	0.0111871	6.047	2.807	2.036	1064800
frame0164.ply	35.0068	42.6554	41.9515	12224	0.0114763	11.244	4.712	4.252	1065154
frame0165.ply	34.9124	42.5755	42.1684	12168	0.0113839	9.217	2.885	4.162	1068874
frame0166.ply	35.036	42.4492	42.0985	12496	0.0116056	5.973	2.815	2.045	1076725
frame0167.ply	35.1415	42.7362	42.147	12296	0.0113647	11.339	4.754	4.331	1081945
frame0168.ply	34.997	42.3933	42.1101	12464	0.0114737	10.833	4.291	4.306	1086307
frame0169.ply	35.1005	42.5492	42.0734	12280	0.0114296	10.563	3.938	4.302	1074408
frame0170.ply	35.1464	42.7895	41.9556	12352	0.011453	11.469	4.709	4.323	1078494
frame0171.ply	34.9045	42.421	42.0377	12528	0.0115446	11.527	4.744	4.361	1085178
frame0172.ply	34.9386	42.3694	42.0453	12696	0.0115755	11.254	4.808	3.963	1096804
frame0173.ply	35.0319	42.4689	42.0787	12440	0.0114267	11.482	4.651	4.357	1088676
frame0174.ply	34.9281	42.6165	42.2006	12416	0.011387	9.438	2.952	4.166	1090368
frame0175.ply	35.0549	42.4823	41.9172	12728	0.0116458	11.581	4.78	4.399	1092930
frame0176.ply	35.0053	42.353	42.1183	12568	0.0115212	8.01	4.452	2.282	1090860
frame0177.ply	34.8545	42.3668	42.2008	12384	0.0113758	11.501	4.681	4.358	1088622
frame0178.ply	34.8367	42.7691	41.8256	12360	0.0113788	11.135	4.462	4.33	1086233
frame0179.ply	35.0721	42.5434	42.1144	12880	0.0230053	11.795	2.507	2.319	1105007
frame0180.ply	34.9707	42.7228	42.4369	11824	0.0108082	6.204	2.814	2.265	1093982
frame0181.ply	34.9869	42.675	41.9634	12776	0.02284958	9.361	1.529	1.249	1102075
frame0182.ply	35.0889	42.2423	42.0211	13080	0.02341345	10.621	2.487	2.306	1106381
frame0183.ply	35.0324	42.2905	42.2733	12912	0.02316958	11.713	2.361	2.309	1101244
frame0184.ply	34.8939	42.4472	42.3025	12408	0.0113797	9.881	3.992	3.353	1090366
frame0185.ply	34.9176	42.3004	42.242	13104	0.0235388	11.688	2.36	2.262	1103703
frame0186.ply	35.0625	42.5682	42.0639	12232	0.0111459	9.309	4.731	2.254	1097440
frame0187.ply	35.0206	42.6538	42.5231	12128	0.011154	10.037	4.275	3.331	1087325
frame0188.ply	34.908	42.1633	41.9285	12696	0.01168	7.61	4.051	2.246	1086988
frame0189.ply	34.9398	42.3155	41.9706	12632	0.0117161	9.697	4.667	3.625	1078173
frame0190.ply	34.8727	42.5065	42.2955	12528	0.0117005	11.361	4.588	4.281	1070725
frame0191.ply	35.0281	42.6626	41.997	12408	0.0115256	11.569	4.687	4.331	1076559
frame0192.ply	34.9846	42.4422	42.3415	12472	0.0115013	9.516	2.833	4.193	1084400
frame0193.ply	34.8711	42.7321	42.2327	12032	0.0110927	11.655	4.738	4.358	1084673
frame0194.ply	34.9884	42.6703	42.1346	12016	0.0110932	9.811	3.015	4.368	1083185
frame0195.ply	34.9549	42.347	42.0055	12480	0.0115187	11.641	4.731	4.347	1083451
frame0196.ply	34.893	42.3247	42.2437	12328	0.0113902	10.916	4.15	4.343	1082335
frame0197.ply	34.8225	42.2843	42.0526	12432	0.0115155	6.187	2.759	2.233	1079593
frame0198.ply	34.8739	42.4203	42.0637	12416	0.0114246	6.166	2.766	2.213	1086776
frame0199.ply	34.8628	42.413	41.9992	12640	0.0116315	6.175	2.767	2.232	1086700
frame0200.ply	34.9332	42.2694	42.0856	12568	0.0115163	11.289	4.578	4.303	1091326
frame0201.ply	34.8082	42.5048	41.9659	12576	0.0115174	11.607	4.763	4.344	1091912
frame0202.ply	34.8395	42.5359	41.9543	12616	0.0115923	6.233	2.775	2.239	1088306
frame0203.ply	34.8475	42.5972	41.7207	12608	0.0116117	11.542	4.741	4.294	1085803
frame0204.ply	34.8095	42.3096	41.9317	12752	0.0116922	11.586	4.75	4.316	1090640
frame0205.ply	34.8504	42.194	42.0319	12464	0.0114559	6.214	2.77	2.231	1087997
frame0206.ply	34.8629	42.6552	41.991	12424	0.0114173	11.573	4.738	4.318	1088177
frame0000.ply	36.4479	44.208	42.9574	30904	0.0549519	13.288	3.257	3.889	1355867
frame0001.ply	36.344	44.0362	43.0292	31344	0.0555911	13.921	3.928	3.957	1345170
frame0002.ply	36.5725	44.1672	43.1991	30328	0.0528938	13.866	3.71	4.052	1357068
frame0003.ply	36.6039	44.2741	43.2649	30128	0.0525506	14.593	4.523	4.145	1364251
frame0004.ply	36.5761	44.064	43.2007	30608	0.0533679	12.545	3.335	3.419	1371270
frame0005.ply	36.4322	44.006	42.7069	32984	0.0576098	13.117	3.709	3.405	1385105
frame0006.ply	36.4697	44.1196	43.1133	31088	0.0564051	7.76	2.689	2.009	1357187
frame0007.ply	36.4411	44.1599	42.9641	31904	0.0565761	7.927	2.863	2.074	1382194
frame0008.ply	36.5193	44.1439	43.0156	31408	0.0564588	14.291	4.201	4.201	1363507
frame0009.ply	36.5258	44.1212	42.9343	31416	0.0546382	14.086	4.388	3.712	1370263
frame0010.ply	36.7501	44.2012	43.1831	29792	0.0512861	14.839	4.643	4.214	1370766
frame0011.ply	36.8408	44.2125	43.3444	29976	0.050842	14.808	4.498	4.059	1370623
frame0012.ply	36.5299	44.2036	43.223	30472	0.0534571	13.492	3.325	4.027	1350376
frame0013.ply	36.3995	44.1038	43.2277	31192	0.053693	13.719	3.41	4.049	1372336
frame0014.ply	36.4226	44.0019	42.9816	32016	0.0556831	14.218	4.264	3.702	1371663
frame0015.ply	36.6096	44.1776	42.7552	31216	0.054615	14.546	4.202	4.013	1359395
frame0016.ply	36.5123	44.0983	42.7781	30712	0.0539447	13.678	3.333	3.986	1350660
frame0017.ply	36.5487	44.2236	42.8565	30576	0.0574068	14.417	4.652	4.378	1349550
frame0018.ply	36.0458	43.7497	42.5049	33992	0.0613276	10.82	3.028	1.991	1348818
frame0019.ply	36.2076	43.9106	42.5662	33864	0.0583963	14.113	3.769	4.064	1373324
frame0020.ply	35.939	43.8448	42.3747	33792	0.0597478	9.086	2.405	1.919	1334702
frame0021.ply	35.8939	43.8625	42.3706	35272	0.0580568	14.39	4.211	4.013	1358782
frame0022.ply	36.0801	43.7567	42.4033	34376	0.0836025	11.906	4.246	3.967	1350788
frame0023.ply	36.0971	43.8834	42.3951	33832	0.0617541	12.869	3.087	3.462	1339374
frame0024.ply	36.0723	43.8496	42.4326	34688	0.0823074	14.241	4.072	4.011	1366468
frame0025.ply	36.1858	43.8777	42.6367	32808	0.0794567	9.986	4.254	2.464	1356038
frame0026.ply	36.2007	43.8639	42.6622	32392	0.0596254	13.597	4.139	4.362	1334468
frame0027.ply	36.1382	43.9037	42.6114	33008	0.0596163	12.853	2.902	3.688	1364492
frame0028.ply	36.0822	43.8324	42.7397	32160	0.0600943	14.403	4.206	4.021	1342577
frame0029.ply	36.1345	43.8085	42.756	31752	0.0606235	11.867	3.328	3.978	1328394
frame0030.ply	36.1494	43.98	42.7152	32088	0.0607596	13.252	3.954	3.209	1337345
frame0031.ply	36.0794	43.7598	42.6509	32408	0.0619384	14.162	4.325	3.949	1318377
frame0032.ply	36.1588	43.9706	42.6536	32336	0.0610314	14.461	4.35	4.051	1345477
frame0033.ply	36.2623	43.9418	42.8322	31672	0.0592785	14.217	4.147	4.073	1356166
frame0034.ply	36.2961	44.0123	42.8411	31264	0.0597488	7.808	2.608	2.093	1344389
frame0035.ply	36.0735	43.6825	42.5857	32624	0.0620324	14.359	4.202	4.017	1345954
frame0036.ply	36.2927	44.0299	42.8144	31560	0.0589792	13.011	2.956	3.884	1346000
frame0037.ply	36.3318	44.1375	42.6902	30808	0.0599537	13.445	3.662	3.999	1306970
frame0038.ply	36.5179	44.0909	43.0959	29696	0.055803	11.738	3.59	2.297	1318282
frame0039.ply	36.3988	44.2337	42.8702	30840	0.0577708	14.025	4.065	3.841	1317888
frame0040.ply	36.4491	44.1325	42.6786	30360	0.0567978	9.444	3.682	2.005	1311164
frame0041.ply	36.6529	44.2979	42.9914	28952	0.052715	14.146	4.315	3.85	1316488
frame0042.ply	37.5013	44.7742	43.9422	23816	0.0425408	13.549	4.262	3.965	1254419
frame0043.ply	37.6168	45.0005	44.102	22592	0.0405118	13.139	4.274	3.938	1223686
frame0044.ply	37.6189	44.8022	44.0432	23648	0.0421929	12.981	4.363	4.051	1220755
frame0045.ply	37.4836	44.9182	44.1596	22992	0.0423532	13.013	4.483	4.152	1202345
frame0046.ply	37.5446	44.9272	44.1926	22928	0.040778	12.77	4.252	4.052	1212124
frame0047.ply	37.484	44.8044	43.926	23024	0.051416	12.346	4.266	3.973	1152696
frame0048.ply	37.5308	44.763	44.1054	22856	0.0517891	6.569	2.365	1.891	1137424
frame0049.ply	37.5541	44.7631	44.3543	21392	0.019463	10.1	3.295	4.447	1099110
frame0050.ply	37.3285	44.6157	44.268	21184	0.0194853	11.582	4.736	4.372	1087177
frame0051.ply	37.3636	44.4649	44.1524	22872	0.0411292	11.891	2.478	2.241	1110050
frame0052.ply	37.2552	44.5163	43.9217	22912	0.0413399	9.514	1.465	1.177	1102339
frame0053.ply	37.3621	44.6802	43.9249	22856	0.0411329	7.479	2.406	1.155	1107674
frame0054.ply	37.2533	44.5702	43.984	22672	0.0210784	10.822	4.063	4.324	1075606
frame0055.ply	37.2466	44.5041	43.8475	23392	0.0215729	11.194	4.343	4.389	1084325
frame0056.ply	36.8173	44.1661	43.6827	25360	0.0235517	10.11	4.064	3.615	1076782
frame0057.ply	37.0112	44.174	43.7828	24240	0.0229038	5.974	2.735	2.16	1058338
frame0058.ply	37.1576	44.4059	43.9809	23552	0.0218123	11.483	4.718	4.35	1079759
frame0059.ply	37.2353	44.482	43.99	22976	0.021588	5.984	2.743	2.156	1064293
frame0060.ply	37.1429	44.4792	43.9305	23920	0.0221561	11.381	4.659	4.316	1079612
frame0061.ply	37.3111	44.5184	44.0612	22544	0.0213128	11.187	4.584	4.251	1057769
frame0062.ply	37.4039	44.5953	44.0173	22408	0.0210459	10.86	4.247	4.269	1064722
frame0063.ply	37.2687	44.4645	44.1517	22152	0.0210552	10.924	4.474	4.226	1052093
frame0064.ply	37.4468	44.5806	44.0646	22408	0.0208731	10.181	3.574	4.32	1073535
frame0065.ply	37.3177	44.6505	43.9729	22408	0.0207954	11.431	4.686	4.328	1077545
frame0066.ply	37.4788	44.488	44.1776	22240	0.0204185	9.278	2.811	4.18	1089208
frame0067.ply	37.4579	44.8449	44.1038	22368	0.0205075	11.395	4.678	4.382	1090724
frame0068.ply	37.5794	44.7977	44.2012	21776	0.0198201	10.614	3.851	4.412	1098680
frame0069.ply	37.414	44.8085	44.306	22136	0.0203967	11.515	4.72	4.36	1085276
frame0070.ply	37.4747	44.7299	44.4981	21432	0.0197096	10.653	4.126	4.169	1087388
frame0071.ply	37.5659	44.9291	44.3518	20952	0.0194297	11.525	4.69	4.344	1078349
frame0072.ply	37.568	44.7684	44.6008	21096	0.0195497	11.53	4.708	4.346	1079097
frame0073.ply	37.5815	44.7952	44.5575	21064	0.0194137	11.566	4.723	4.348	1085005
frame0074.ply	37.5238	44.6838	44.2782	22176	0.0400188	12.143	2.502	2.266	1103985
frame0075.ply	37.5276	44.8491	44.5237	21472	0.0195299	11.677	4.778	4.411	1099444
frame0076.ply	37.5176	44.6671	44.4015	21168	0.0379957	10.604	1.466	2.124	1104819
frame0077.ply	37.3577	44.6884	44.4387	21608	0.0391254	12.132	2.475	2.246	1103358
frame0078.ply	37.6238	44.7754	44.3369	21392	0.0194876	10.735	3.907	4.402	1097726
frame0079.ply	37.3973	44.5846	44.2477	21880	0.0199297	8.82	3.9	3.727	1097861
frame0080.ply	37.4066	44.6132	44.0897	22704	0.0408193	7.333	1.459	1.16	1109117
frame0081.ply	37.4193	44.7642	44.0563	22784	0.040895	11.679	2.196	2.222	1112254
frame0082.ply	37.3752	44.5814	44.1339	22752	0.0411046	10.019	1.672	1.404	1106606
frame0083.ply	37.4519	44.6341	44.3826	22120	0.0201957	11.059	4.16	4.388	1095285
frame0084.ply	37.5266	44.8722	44.4472	21568	0.019884	6.176	2.777	2.23	1084692
frame0085.ply	37.4785	44.6242	44.4683	21784	0.0198415	11.636	4.767	4.4	1097901
frame0086.ply	37.6678	44.7652	44.4612	21336	0.0198801	10.891	4.213	4.316	1073234
frame0087.ply	37.5408	44.6123	44.6609	21440	0.0199149	9.399	3.827	4.346	1076582
frame0088.ply	37.5199	44.6268	44.376	21888	0.0203441	11.491	4.694	4.338	1075891
frame0089.ply	37.4082	44.6653	44.3485	21944	0.0202435	11.342	4.674	4.178	1084000
frame0090.ply	37.5342	44.6839	44.31	22120	0.0205686	7.974	3.987	2.219	1075424
frame0091.ply	37.4073	44.8146	44.4331	22096	0.0203406	10.959	4.217	4.368	1086299
frame0092.ply	37.4044	44.6844	44.3887	22032	0.0204486	11.552	4.722	4.328	1077432
frame0093.ply	37.4771	44.5524	44.3825	22336	0.0206331	11.09	4.336	4.347	1082531
frame0094.ply	37.4107	44.6789	44.3409	21840	0.0205024	9.474	3.596	3.521	1065239
frame0095.ply	37.5618	44.6765	44.3522	21744	0.0202939	9.927	3.438	4.193	1071453
frame0096.ply	37.6296	44.5964	44.379	21648	0.0201333	10.032	3.303	4.323	1075233
frame0097.ply	37.5017	44.7461	44.4764	21112	0.0196157	11.432	4.618	4.315	1076278
frame0098.ply	37.5333	44.7835	44.4249	20896	0.0195387	6.161	2.741	2.202	1069466
frame0099.ply	37.6576	44.8197	44.5621	21280	0.0195728	11.638	4.755	4.367	1087225
frame0100.ply	37.5066	44.7034	44.4062	21328	0.019858	11.034	4.211	4.319	1074025
frame0101.ply	37.5175	44.9011	44.5948	21232	0.0194279	11.729	4.778	4.389	1092864
frame0102.ply	37.4863	44.7233	44.3589	21864	0.0202474	11.565	4.714	4.337	1079840
frame0103.ply	37.4445	44.6252	44.0444	22400	0.0204526	11.656	4.79	4.398	1095217
frame0104.ply	37.5171	44.6848	44.3509	21848	0.020045	11.647	4.774	4.386	1089950
frame0105.ply	37.5748	44.5682	44.4242	21424	0.019795	6.185	2.773	2.239	1082292
frame0106.ply	37.5441	44.6201	44.1553	21880	0.0203311	11.536	4.704	4.324	1076182
frame0107.ply	37.5519	44.5824	44.5013	21616	0.0201789	9.835	3.192	4.182	1071217
frame0108.ply	37.4256	44.6652	44.2506	21632	0.0202464	11.371	4.621	4.275	1068435
frame0109.ply	37.543	44.7636	44.281	21800	0.0203699	11.456	4.674	4.292	1070207
frame0110.ply	37.499	44.5784	44.1889	21872	0.0204654	6.133	2.741	2.225	1068733
frame0111.ply	37.4665	44.6777	44.3264	21616	0.0202608	10.577	3.837	4.277	1066887
frame0112.ply	37.3677	44.443	44.2077	21864	0.0206819	11.331	4.615	4.263	1057158
frame0113.ply	37.4512	44.3817	44.2589	22600	0.0210052	10.614	3.928	4.214	1075922
frame0114.ply	37.3605	44.518	44.3924	21776	0.0207247	6.017	2.69	2.187	1050727
frame0115.ply	37.4337	44.4275	44.2132	21552	0.0204419	11.206	4.547	4.225	1054305
frame0116.ply	37.2982	44.503	44.0817	21976	0.0208175	9.831	3.332	4.092	1055651
frame0117.ply	37.4322	44.4181	44.0025	22088	0.0210514	10.05	3.512	4.216	1049239
frame0118.ply	37.2491	44.4497	44.0145	22464	0.0213344	11.264	4.591	4.238	1052946
frame0119.ply	37.2624	44.3791	43.9941	22776	0.0211695	11.475	4.685	4.32	1075886
frame0120.ply	37.3217	44.4973	44.0671	22600	0.0209757	11.408	4.693	4.312	1077435
frame0121.ply	37.2287	44.5397	44.1962	22296	0.0204502	10.064	3.258	4.337	1090256
frame0122.ply	37.3689	44.6671	44.2311	22336	0.0204663	11.281	4.483	4.389	1091357
frame0123.ply	37.2948	44.5339	44.104	22528	0.0207528	11.578	4.743	4.367	1085538
frame0124.ply	37.2863	44.4821	44.0318	23024	0.0212657	6.16	2.774	2.219	1082681
frame0125.ply	37.2222	44.4724	44.1701	22368	0.0207213	11.566	4.697	4.345	1079468
frame0126.ply	37.3248	44.3922	44.1158	22424	0.021148	10.72	4.123	4.247	1060339
frame0127.ply	37.3059	44.4417	44.1114	22392	0.0210874	6.068	2.754	2.222	1061868
frame0128.ply	37.6242	44.5533	44.2984	21424	0.0205729	10.912	4.401	4.186	1041371
frame0129.ply	37.5248	44.5677	44.1675	21776	0.0203476	9.214	2.761	4.153	1070200
frame0130.ply	37.5249	44.6445	44.2023	21712	0.0200595	11.36	4.609	4.326	1082379
frame0131.ply	36.8771	44.3757	43.7969	24776	0.0546413	9.622	2.347	2.585	1117742
frame0132.ply	36.9925	44.3109	43.6006	25336	0.056882	12.298	3.829	3.546	1150712
frame0133.ply	35.9024	43.331	42.445	34328	0.0528907	13.494	3.658	3.349	1255325
frame0134.ply	35.5159	43.32	42.1621	37864	0.059106	8.82	3.14	1.743	1296583
frame0135.ply	35.4225	43.2539	42.1404	37248	0.0519924	14.144	4.551	4.173	1315035
frame0136.ply	35.1585	43.0957	41.9759	39608	0.0594053	13.11	3.58	3.636	1300473
frame0137.ply	35.0581	43.0283	41.6454	41112	0.0648384	13.42	2.954	2.876	1341297
frame0138.ply	35.0586	42.848	41.3369	43600	0.0682084	14.847	3.506	3.513	1393613
frame0139.ply	35.1754	43.0329	41.6404	41616	0.0646977	15.176	3.75	3.439	1387162
frame0140.ply	35.7174	43.3539	42.0239	36568	0.0539975	12.856	2.72	3.483	1307576
frame0141.ply	35.0956	43.0107	41.7072	40368	0.0612637	14.057	3.807	3.528	1315031
frame0142.ply	35.1971	43.1065	41.8518	40456	0.0628291	13.86	3.854	3.57	1300441
frame0143.ply	35.2825	43.0549	41.803	40112	0.0634754	14.218	3.453	3.21	1335661
frame0144.ply	35.0014	42.9144	41.4777	43264	0.0677356	14.113	3.518	3.043	1355034
frame0145.ply	35.0505	42.8595	41.2857	43576	0.068252	14.356	3.448	3.328	1363118
frame0146.ply	35.1855	43.1608	41.5932	42224	0.0658557	14.416	3.451	3.362	1372029
frame0147.ply	35.2279	43.0545	41.6154	42840	0.0626302	12.377	2.067	1.714	1370887
frame0148.ply	35.1507	43.1539	41.73	40760	0.0649387	7.7	2.252	1.77	1356616
frame0149.ply	35.6831	43.2956	42.0979	38920	0.0609979	12.778	3.2	2.638	1360463
frame0150.ply	35.7425	43.5217	42.5109	34936	0.0584171	13.62	3.994	3.712	1287012
frame0151.ply	35.9726	43.8346	42.8229	30832	0.0543462	8.887	3.905	2.01	1235515
frame0152.ply	37.2953	44.6494	43.7138	23792	0.0518823	8.654	2.473	1.844	1140860
frame0153.ply	37.5588	44.6783	44.3702	21152	0.019356	11.299	4.72	4.259	1092789
frame0154.ply	37.6645	44.9056	44.4072	20832	0.0190654	10.3	3.81	4.289	1092660
frame0155.ply	37.5728	44.7708	44.2396	21016	0.0191654	11.596	4.738	4.399	1096562
frame0156.ply	37.6569	44.6961	44.116	20984	0.0197848	11.157	4.582	4.246	1060611
frame0157.ply	37.4671	44.8269	44.0922	20976	0.0199987	11.269	4.629	4.227	1048866
frame0158.ply	37.609	44.7865	44.3287	20984	0.0197141	11.376	4.672	4.27	1064414
frame0159.ply	37.7209	44.7476	44.3217	20648	0.0194118	11.377	4.662	4.276	1063685
frame0160.ply	37.7621	44.847	44.4943	20616	0.0195519	11.293	4.647	4.232	1054422
frame0161.ply	37.7736	44.8166	44.5634	20872	0.0196474	11.237	4.614	4.278	1062329
frame0162.ply	37.8404	44.8829	44.363	20544	0.0194391	11.251	4.595	4.245	1056839
frame0163.ply	37.7255	44.7466	44.538	20832	0.0195642	6.041	2.744	2.21	1064800
frame0164.ply	37.8126	44.5768	44.4573	21200	0.0199032	9.178	2.759	4.142	1065154
frame0165.ply	37.6731	44.7136	44.4441	21256	0.0198863	11.071	4.361	4.283	1068874
frame0166.ply	37.5287	44.794	44.3599	21296	0.0197785	10.411	3.936	4.15	1076725
frame0167.ply	37.6792	44.7898	44.4714	21104	0.0195056	11.08	4.38	4.344	1081945
frame0168.ply	37.5909	44.8092	44.3038	21232	0.0195451	6.248	2.793	2.253	1086307
frame0169.ply	37.6866	44.8967	44.3969	21096	0.019635	9.449	2.795	4.207	1074408
frame0170.ply	37.6831	44.7055	44.5207	20976	0.0194493	9.186	3.722	3.121	1078494
frame0171.ply	37.6035	44.7548	44.4979	21536	0.0198456	11.599	4.729	4.357	1085178
frame0172.ply	37.5655	44.7893	44.4993	21608	0.0197009	7.835	4.26	2.272	1096804
frame0173.ply	37.5116	44.8285	44.2758	21352	0.0196128	11.637	4.759	4.366	1088676
frame0174.ply	37.4482	44.8848	44.2696	21416	0.0196411	11.642	4.742	4.368	1090368
frame0175.ply	37.5639	44.8276	44.4216	21592	0.0197561	11.436	4.578	4.398	1092930
frame0176.ply	37.461	44.652	44.5419	21416	0.0196322	11.562	4.654	4.381	1090860
frame0177.ply	37.3543	44.7355	44.5038	21352	0.0196138	11.642	4.736	4.371	1088622
frame0178.ply	37.3407	44.6145	44.4421	21368	0.0196717	11.754	4.803	4.381	1086233
frame0179.ply	37.5322	44.742	44.449	21832	0.0389601	9.88	1.886	1.209	1105007
frame0180.ply	37.6309	44.8696	44.4019	21232	0.019408	6.255	2.809	2.262	1093982
frame0181.ply	37.5378	44.8257	44.2837	21872	0.0389967	10.879	1.594	2.371	1102075
frame0182.ply	37.5362	44.8088	44.4497	21704	0.0387812	10.856	1.52	2.322	1106381
frame0183.ply	37.5292	44.7947	44.4114	22088	0.0395467	11.427	2.274	2.295	1101244
frame0184.ply	37.4613	44.7716	44.3793	21720	0.0199199	11.672	4.749	4.387	1090366
frame0185.ply	37.5762	44.6464	44.37	22512	0.0404254	11.665	2.42	2.26	1103703
frame0186.ply	37.6217	44.8671	44.468	21224	0.0193396	11.594	4.765	4.402	1097440
frame0187.ply	37.6093	44.7833	44.6455	21312	0.0196004	6.204	2.791	2.243	1087325
frame0188.ply	37.5487	44.7887	44.2231	21864	0.0201143	9.526	2.935	4.222	1086988
frame0189.ply	37.376	44.6823	44.3147	21968	0.0203752	11.66	4.754	4.36	1078173
frame0190.ply	37.3651	44.7956	44.2714	21840	0.0203974	11.436	4.651	4.306	1070725
frame0191.ply	37.595	44.8236	44.5048	21240	0.0197295	11.247	4.491	4.303	1076559
frame0192.ply	37.5593	44.7518	44.4372	21376	0.0197123	11.456	4.619	4.345	1084400
frame0193.ply	37.4916	44.7639	44.3554	21336	0.0196704	6.209	2.789	2.249	1084673
frame0194.ply	37.578	44.8717	44.4354	20992	0.0193799	11.603	4.717	4.349	1083185
frame0195.ply	37.5014	44.8142	44.3095	21384	0.0197369	9.671	2.976	4.206	1083451
frame0196.ply	37.4632	44.464	44.4995	21704	0.0200529	10.828	4.019	4.37	1082335
frame0197.ply	37.4142	44.5233	44.4289	21424	0.0198445	6.143	2.759	2.224	1079593
frame0198.ply	37.4285	44.6214	44.3149	21568	0.0198459	11.588	4.754	4.325	1086776
frame0199.ply	37.4624	44.5384	44.277	21704	0.0199724	9.314	2.765	4.183	1086700
frame0200.ply	37.4547	44.6595	44.1165	21680	0.0198657	6.195	2.781	2.234	1091326
frame0201.ply	37.3465	44.6535	44.2826	22008	0.0201555	9.322	2.78	4.197	1091912
frame0202.ply	37.3907	44.5217	44.3384	21960	0.0201781	11.611	4.779	4.329	1088306
frame0203.ply	37.4336	44.5897	44.2592	21696	0.0199815	6.151	2.751	2.218	1085803
frame0204.ply	37.3462	44.5073	44.1154	22336	0.0204797	11.506	4.671	4.316	1090640
frame0205.ply	37.4645	44.6034	44.2372	21792	0.0200295	6.174	2.77	2.226	1087997
frame0206.ply	37.3365	44.7171	44.1909	21976	0.0201952	6.156	2.753	2.22	1088177
frame0000.ply	39.4026	46.4352	45.3683	64048	0.1165057	10.933	2.631	2.141	1355867
frame0001.ply	39.1886	46.3413	45.2934	64192	0.1152419	14.054	3.82	3.902	1345170
frame0002.ply	39.479	46.4532	45.5346	61728	0.1095492	13.237	2.946	4.011	1357068
frame0003.ply	39.5875	46.5029	45.5857	62096	0.1100139	11.937	2.619	3.209	1364251
frame0004.ply	39.4653	46.4406	45.3714	62616	0.1127656	14.725	4.352	4.135	1371270
frame0005.ply	39.3217	46.341	45.1532	66704	0.1195092	13.264	3.7	3.247	1385105
frame0006.ply	39.4618	46.3726	45.2755	65032	0.120889	14.704	4.418	4.124	1357187
frame0007.ply	39.3982	46.4141	45.2345	65928	0.1200621	14.994	4.556	4.231	1382194
frame0008.ply	39.4731	46.4005	45.2697	64384	0.1181268	14.923	4.57	4.161	1363507
frame0009.ply	39.528	46.429	45.386	64040	0.1137936	14.896	4.452	4.104	1370263
frame0010.ply	39.6357	46.5603	45.5775	60480	0.1052154	14.826	4.45	4.136	1370766
frame0011.ply	39.7344	46.6479	45.6233	60512	0.1035644	14.717	4.24	3.92	1370623
frame0012.ply	39.4655	46.5035	45.6222	62320	0.1105305	14.768	4.343	3.971	1350376
frame0013.ply	39.2892	46.2921	45.2973	64872	0.1130102	7.95	2.545	2.051	1372336
frame0014.ply	39.3372	46.2423	45.1676	66208	0.1176963	7.979	2.548	2.058	1371663
frame0015.ply	39.402	46.4593	44.9981	63592	0.1142147	13.688	3.356	3.995	1359395
frame0016.ply	39.4064	46.3996	45.1082	63752	0.1143715	14.156	4.123	3.673	1350660
frame0017.ply	39.4326	46.4173	45.0663	63072	0.1243544	14.61	4.71	4.379	1349550
frame0018.ply	39.0693	46.162	44.7555	70920	0.1301275	14.625	4.196	3.891	1348818
frame0019.ply	39.0644	46.2049	44.7102	70936	0.1255484	14.283	3.833	4.051	1373324
frame0020.ply	38.926	46.0949	44.6273	71888	0.1298949	14.372	3.928	3.744	1334702
frame0021.ply	38.9294	46.0157	44.5987	73872	0.1219384	14.775	4.361	4.015	1358782
frame0022.ply	39.0379	46.0329	44.867	70448	0.1708748	13.22	3.088	3.995	1350788
frame0023.ply	39.1092	46.157	44.825	70344	0.1311711	7.823	2.452	1.968	1339374
frame0024.ply	39.0063	46.1242	44.7509	71624	0.1700145	14.558	4.157	4.031	1366468
frame0025.ply	39.1396	46.1806	44.8603	68648	0.1676864	11.868	2.601	3.198	1356038
frame0026.ply	39.1402	46.1502	44.993	67576	0.1267609	12.638	3.465	3.811	1334468
frame0027.ply	38.9832	46.1939	44.8981	69616	0.1290791	14.913	4.413	4.064	1364492
frame0028.ply	39.0304	46.1342	45.0425	67456	0.1292837	7.881	2.567	2.056	1342577
frame0029.ply	39.0876	46.1363	44.9812	66744	0.1298007	11.715	2.581	3.216	1328394
frame0030.ply	39.0733	46.2591	44.9974	66768	0.1298292	13.428	3.391	4.043	1337345
frame0031.ply	39.0176	46.0641	44.8829	68080	0.1341347	7.812	2.536	2.039	1318377
frame0032.ply	39.0847	46.1811	44.9604	67640	0.1313528	13.734	3.871	3.747	1345477
frame0033.ply	39.1281	46.2714	44.9741	66152	0.1273459	14.464	4.452	4.108	1356166
frame0034.ply	39.225	46.2484	45.1039	65160	0.1280397	14.276	4.131	4.07	1344389
frame0035.ply	39.0295	46.1161	44.9543	68328	0.1343354	14.678	4.383	4.052	1345954
frame0036.ply	39.2095	46.2845	45.0028	65896	0.1277041	12.812	3.445	3.188	1346000
frame0037.ply	39.2475	46.2934	45.0522	63464	0.1262355	14.274	4.36	4.024	1306970
frame0038.ply	39.4273	46.5229	45.2408	60832	0.1167647	7.825	2.547	2.044	1318282
frame0039.ply	39.2908	46.4483	45.0995	63432	0.1209163	14.338	4.301	3.932	1317888
frame0040.ply	39.3456	46.4664	45.0977	62456	0.1192629	14.282	4.269	3.942	1311164
frame0041.ply	39.5802	46.6392	45.4177	58880	0.1090831	14.344	4.352	3.992	1316488
frame0042.ply	40.4441	47.1202	46.1718	46544	0.0836972	13.51	4.23	3.952	1254419
frame0043.ply	40.5081	47.1775	46.3314	45016	0.0800297	12.309	3.436	3.921	1223686
frame0044.ply	40.557	47.1401	46.2645	45872	0.0811325	7.124	2.624	2.109	1220755
frame0045.ply	40.4267	47.2236	46.3484	45232	0.0839377	12.297	3.975	4.109	1202345
frame0046.ply	40.5784	47.1565	46.3103	45480	0.0813477	11.003	2.866	3.628	1212124
frame0047.ply	40.4852	47.08	46.3806	45184	0.0992962	10.807	3.017	3.701	1152696
frame0048.ply	40.4467	47.2171	46.4833	44528	0.1008773	9.055	3.886	2.73	1137424
frame0049.ply	40.477	47.2669	46.5638	42200	0.0383947	11.716	4.791	4.456	1099110
frame0050.ply	40.2916	47.1123	46.5294	42384	0.0389854	11.633	4.752	4.382	1087177
frame0051.ply	40.245	47.0537	46.454	44328	0.0797203	11.919	2.418	2.244	1110050
frame0052.ply	40.2461	46.958	46.2444	45136	0.0814349	10.081	2.416	2.135	1102339
frame0053.ply	40.289	47.0437	46.346	44392	0.0798834	10.236	2.413	1.356	1107674
frame0054.ply	40.1721	46.9338	46.2761	44128	0.0410262	11.348	4.604	4.278	1075606
frame0055.ply	40.0946	46.9198	46.3043	44856	0.0413677	11.584	4.706	4.373	1084325
frame0056.ply	39.8284	46.6542	46.0388	49648	0.0461078	11.399	4.638	4.291	1076782
frame0057.ply	39.9678	46.642	46.1048	47072	0.0444773	11.201	4.609	4.271	1058338
frame0058.ply	40.0907	46.8024	46.1441	46328	0.0429059	11.45	4.723	4.348	1079759
frame0059.ply	40.2543	46.969	46.438	44504	0.0418156	8.638	3.161	4.256	1064293
frame0060.ply	40.077	46.7372	46.2297	46280	0.0428673	10.679	4.264	4.237	1079612
frame0061.ply	40.1308	46.9926	46.4267	43528	0.0411508	11.222	4.608	4.275	1057769
frame0062.ply	40.3817	47.0833	46.4604	42816	0.0402133	11.317	4.638	4.302	1064722
frame0063.ply	40.245	46.968	46.3232	43704	0.0415401	6.527	2.782	2.158	1052093
frame0064.ply	40.3795	47.0916	46.427	43464	0.0404868	10.281	3.718	4.307	1073535
frame0065.ply	40.2981	47.0898	46.2963	43688	0.040544	11.444	4.722	4.332	1077545
frame0066.ply	40.4264	47.1448	46.4404	43064	0.039537	11.555	4.764	4.394	1089208
frame0067.ply	40.3959	47.1123	46.4508	43288	0.0396874	11.433	4.721	4.388	1090724
frame0068.ply	40.3836	47.0341	46.4986	42432	0.0386209	11.586	4.799	4.435	1098680
frame0069.ply	40.4007	47.0572	46.6021	43208	0.0398129	11.41	4.611	4.384	1085276
frame0070.ply	40.3248	47.234	46.5643	42544	0.0391249	6.077	2.785	2.182	1087388
frame0071.ply	40.5523	47.2934	46.7723	40752	0.0377911	11.42	4.57	4.325	1078349
frame0072.ply	40.4775	47.2683	46.9128	40544	0.0375722	11.505	4.642	4.325	1079097
frame0073.ply	40.5254	47.2997	46.7241	40776	0.0375814	11.523	4.62	4.357	1085005
frame0074.ply	40.5467	47.1119	46.6133	42792	0.0772259	11.706	2.377	2.224	1103985
frame0075.ply	40.35	47.2104	46.7629	41912	0.0381211	11.019	4.017	4.419	1099444
frame0076.ply	40.495	47.169	46.6178	42040	0.0754621	11.74	2.415	2.27	1104819
frame0077.ply	40.4474	47.0728	46.5902	43648	0.0790399	11.76	2.398	2.2	1103358
frame0078.ply	40.4362	47.1738	46.6318	41144	0.0374811	10.877	4.009	4.413	1097726
frame0079.ply	40.3326	46.9835	46.4996	43104	0.0392618	11.68	4.681	4.398	1097861
frame0080.ply	40.2769	47.0626	46.608	43776	0.0787183	11.835	2.426	2.234	1109117
frame0081.ply	40.4153	47.0203	46.6263	44416	0.0797203	6.461	1.439	1.155	1112254
frame0082.ply	40.2713	46.9754	46.4774	44408	0.0802299	6.441	1.426	1.15	1106606
frame0083.ply	40.366	47.1134	46.4339	43720	0.0399166	11.298	4.391	4.361	1095285
frame0084.ply	40.474	47.2577	46.6125	42200	0.0389051	9.486	2.793	4.295	1084692
frame0085.ply	40.5573	47.1922	46.6583	42520	0.0387284	7.286	2.84	2.244	1097901
frame0086.ply	40.6503	47.1953	46.7925	41080	0.0382768	11.457	4.682	4.314	1073234
frame0087.ply	40.5174	47.2449	46.6724	41576	0.0386185	11.484	4.682	4.319	1076582
frame0088.ply	40.4	47.0717	46.5898	42568	0.0395653	8.51	3.986	3.291	1075891
frame0089.ply	40.3981	47.1197	46.6389	43096	0.0397565	10.069	3.441	4.184	1084000
frame0090.ply	40.4883	47.1313	46.6807	41848	0.038913	11.406	4.576	4.328	1075424
frame0091.ply	40.45	47.0966	46.619	42904	0.0394956	11.701	4.771	4.385	1086299
frame0092.ply	40.4159	47.1535	46.6964	42600	0.0395385	11.363	4.657	4.329	1077432
frame0093.ply	40.4312	47.0895	46.7346	42928	0.0396552	11.549	4.715	4.357	1082531
frame0094.ply	40.4804	47.2112	46.6519	42280	0.0396906	11.081	4.459	4.225	1065239
frame0095.ply	40.5287	47.1419	46.6875	41408	0.0386466	6.083	2.748	2.235	1071453
frame0096.ply	40.5671	47.1511	46.8835	41296	0.0384066	11.03	4.328	4.333	1075233
frame0097.ply	40.5168	47.2705	46.7838	40632	0.0377523	10.16	3.503	4.291	1076278
frame0098.ply	40.619	47.152	46.7611	40944	0.0382845	11.296	4.605	4.293	1069466
frame0099.ply	40.5747	47.236	46.7608	40528	0.0372766	6.2	2.788	2.246	1087225
frame0100.ply	40.4438	47.1502	46.7326	42000	0.0391052	10.82	4.153	4.315	1074025
frame0101.ply	40.3965	47.1675	46.7574	41488	0.0379626	11.491	4.717	4.415	1092864
frame0102.ply	40.4341	47.1174	46.5863	42504	0.0393614	11.442	4.653	4.331	1079840
frame0103.ply	40.4459	47.1377	46.6912	43168	0.039415	10.705	3.82	4.393	1095217
frame0104.ply	40.5149	47.1616	46.7245	42312	0.0388201	11.327	4.556	4.39	1089950
frame0105.ply	40.4122	47.2484	46.7295	41424	0.0382743	9.784	3.176	4.187	1082292
frame0106.ply	40.4737	47.0998	46.7305	41912	0.0389451	11.504	4.721	4.336	1076182
frame0107.ply	40.4461	47.119	46.6385	41472	0.0387148	6.032	2.746	2.197	1071217
frame0108.ply	40.4879	47.0531	46.5963	42232	0.039527	11.227	4.556	4.318	1068435
frame0109.ply	40.504	47.1201	46.6793	41608	0.0388785	11.117	4.581	4.29	1070207
frame0110.ply	40.4227	47.1673	46.7422	41320	0.0386626	11.271	4.533	4.3	1068733
frame0111.ply	40.4733	47.1549	46.6773	41352	0.0387595	9.817	3.245	4.283	1066887
frame0112.ply	40.3248	47.1251	46.4736	42256	0.0399713	10.244	3.809	4.208	1057158
frame0113.ply	40.3414	47.0967	46.6122	42592	0.0395865	10.997	4.221	4.331	1075922
frame0114.ply	40.3734	46.994	46.5924	42576	0.0405205	11.176	4.544	4.235	1050727
frame0115.ply	40.3093	47.0475	46.6247	41336	0.0392069	11.214	4.574	4.245	1054305
frame0116.ply	40.2469	46.9483	46.5259	42432	0.0401951	10.015	3.482	4.242	1055651
frame0117.ply	40.3395	47.0159	46.5836	41672	0.0397164	7.537	4.149	2.175	1049239
frame0118.ply	40.0934	46.8002	46.3813	43552	0.041362	11.188	4.544	4.243	1052946
frame0119.ply	40.1996	46.905	46.5091	44016	0.0409114	9.368	2.868	4.205	1075886
frame0120.ply	40.1757	46.9915	46.4594	44256	0.0410753	10.877	4.217	4.335	1077435
frame0121.ply	40.1212	46.9173	46.4227	44400	0.0407244	11.507	4.648	4.374	1090256
frame0122.ply	40.252	47.0274	46.4987	43888	0.0402142	10.986	4.229	4.388	1091357
frame0123.ply	40.1967	46.9335	46.4099	44184	0.0407024	6.147	2.791	2.237	1085538
frame0124.ply	40.2009	46.9396	46.4083	44728	0.0413123	11.497	4.69	4.336	1082681
frame0125.ply	40.2074	46.8831	46.4505	43896	0.0406645	11.459	4.63	4.35	1079468
frame0126.ply	40.2812	46.8963	46.4969	43280	0.0408171	7.965	2.753	2.958	1060339
frame0127.ply	40.2414	46.9653	46.4746	43136	0.0406228	11.156	4.48	4.28	1061868
frame0128.ply	40.6495	47.1601	46.6809	40176	0.0385799	11	4.443	4.179	1041371
frame0129.ply	40.4563	47.1521	46.6435	42064	0.0393048	11.295	4.514	4.292	1070200
frame0130.ply	40.6177	47.1952	46.6514	41664	0.038493	6.221	2.774	2.252	1082379
frame0131.ply	39.9113	46.6959	46.0571	50096	0.1103122	9.608	2.177	2.652	1117742
frame0132.ply	40.0439	46.7899	46.1633	50040	0.1117699	11.473	2.995	3.516	1150712
frame0133.ply	38.8403	45.8619	44.9112	70400	0.1082674	12.603	2.905	3.333	1255325
frame0134.ply	38.4913	45.6958	44.5364	78008	0.1222142	14.006	3.707	3.362	1296583
frame0135.ply	38.3857	45.6413	44.4104	77792	0.1088485	10.818	2.697	2.767	1315035
frame0136.ply	38.1514	45.379	44.219	83600	0.1265304	14.114	4.005	3.623	1300473
frame0137.ply	38.0223	45.285	43.9301	88904	0.1395434	14.311	3.526	3.268	1341297
frame0138.ply	38.0429	45.2975	43.6795	92760	0.1449221	13.663	3.766	3.517	1393613
frame0139.ply	38.1421	45.3347	43.8308	89224	0.1390689	10.702	3.673	1.932	1387162
frame0140.ply	38.6259	45.697	44.3008	75536	0.1110335	14.09	3.78	3.503	1307576
frame0141.ply	38.1207	45.358	44.0129	85016	0.1300992	14.138	3.775	3.481	1315031
frame0142.ply	38.231	45.4142	44.2296	84448	0.1323825	13.894	3.718	3.525	1300441
frame0143.ply	38.3215	45.5003	44.0644	84400	0.1334687	8.334	2.522	1.627	1335661
frame0144.ply	38.1048	45.2483	43.6503	92984	0.1453971	11.415	2.086	1.718	1355034
frame0145.ply	38.0848	45.1614	43.6898	92448	0.1449441	13.318	2.277	3.33	1363118
frame0146.ply	38.0734	45.3796	43.8803	89672	0.1398817	14.767	3.597	3.333	1372029
frame0147.ply	38.1395	45.4063	43.9703	89864	0.1314413	14.451	2.866	2.845	1370887
frame0148.ply	38.139	45.4287	43.9817	87824	0.1390355	14.557	3.597	3.407	1356616
frame0149.ply	38.7315	45.8169	44.5097	80184	0.1246398	14.726	3.845	3.546	1360463
frame0150.ply	38.7821	45.8433	44.853	73144	0.119203	13.67	3.922	3.708	1287012
frame0151.ply	38.9195	46.0887	45.1471	64792	0.1121782	11.92	3.899	3.545	1235515
frame0152.ply	40.226	46.89	46.3506	46832	0.1023819	11.633	3.829	2.986	1140860
frame0153.ply	40.4585	47.2778	46.6687	41912	0.0383532	6.771	2.819	2.247	1092789
frame0154.ply	40.6169	47.2397	46.8186	40184	0.0367763	10.425	3.687	4.356	1092660
frame0155.ply	40.5513	47.2959	46.7579	41160	0.0375355	11.499	4.798	4.358	1096562
frame0156.ply	40.4701	47.0849	46.464	41208	0.0388531	5.823	2.771	1.981	1060611
frame0157.ply	40.5231	47.206	46.4169	41696	0.0397534	10.972	4.51	4.149	1048866
frame0158.ply	40.5899	47.0849	46.7663	40488	0.0380378	10.216	3.855	4.081	1064414
frame0159.ply	40.7192	47.3424	46.7539	39736	0.0373569	9.993	3.462	4.235	1063685
frame0160.ply	40.7345	47.2675	46.9309	38984	0.0369719	11.128	4.652	4.185	1054422
frame0161.ply	40.7311	47.2566	46.8886	39584	0.0372615	11.185	4.683	4.235	1062329
frame0162.ply	40.7909	47.2906	46.8552	39400	0.037281	10.675	4.288	4.209	1056839
frame0163.ply	40.6655	47.3006	46.8858	39544	0.0371375	11.286	4.75	4.259	1064800
frame0164.ply	40.7498	47.3443	46.831	40200	0.037741	7.103	3.875	1.99	1065154
frame0165.ply	40.5452	47.2271	46.8247	40408	0.0378043	11.264	4.698	4.261	1068874
frame0166.ply	40.51	47.1743	46.7071	41248	0.0383088	11.367	4.78	4.293	1076725
frame0167.ply	40.6658	47.2956	46.8006	40424	0.0373623	8.519	3.037	3.317	1081945
frame0168.ply	40.6064	47.3422	46.7882	41352	0.0380666	11.413	4.725	4.342	1086307
frame0169.ply	40.6018	47.1707	46.7129	40712	0.0378925	11.5	4.677	4.315	1074408
frame0170.ply	40.6429	47.313	46.9872	40240	0.0373113	11.534	4.695	4.321	1078494
frame0171.ply	40.5059	47.2426	46.7074	41424	0.0381725	11.622	4.722	4.36	1085178
frame0172.ply	40.5376	47.2252	46.8199	42192	0.0384681	11.697	4.758	4.389	1096804
frame0173.ply	40.5393	47.2382	46.744	41760	0.0383585	11.605	4.746	4.371	1088676
frame0174.ply	40.3895	47.1215	46.7441	42264	0.0387612	11.676	4.753	4.363	1090368
frame0175.ply	40.5188	47.1908	46.5548	42208	0.0386191	11.521	4.701	4.268	1092930
frame0176.ply	40.4024	47.1787	46.7287	42200	0.0386851	6.27	2.794	2.261	1090860
frame0177.ply	40.3004	47.1851	46.4888	43040	0.0395362	11.664	4.755	4.364	1088622
frame0178.ply	40.3	47.0648	46.7132	42832	0.0394317	6.199	2.777	2.241	1086233
frame0179.ply	40.4722	47.1681	46.7116	42176	0.075141	9.382	1.499	1.209	1105007
frame0180.ply	40.4951	47.1863	46.8612	40784	0.0372803	11.663	4.758	4.384	1093982
frame0181.ply	40.4443	47.2145	46.6839	42016	0.0748104	11.967	2.579	2.371	1102075
frame0182.ply	40.491	47.2255	46.71	42496	0.0759087	11.968	2.518	2.323	1106381
frame0183.ply	40.442	47.1261	46.7642	41984	0.0750545	11.781	2.514	2.295	1101244
frame0184.ply	40.5084	47.1371	46.7019	42224	0.0387246	9.694	2.918	4.373	1090366
frame0185.ply	40.5147	47.1384	46.7486	43000	0.0771517	11.797	2.442	2.254	1103703
frame0186.ply	40.5646	47.2485	46.7082	41368	0.037695	11.403	4.402	4.407	1097440
frame0187.ply	40.6384	47.1176	46.8485	41656	0.0383105	6.806	2.79	2.228	1087325
frame0188.ply	40.4474	47.1899	46.5957	42760	0.0393381	11.135	4.247	4.339	1086988
frame0189.ply	40.3809	47.2151	46.7194	42464	0.0393851	11.525	4.7	4.322	1078173
frame0190.ply	40.4321	47.1681	46.7187	42560	0.0397488	10.819	4.045	4.304	1070725
frame0191.ply	40.4626	47.251	46.6879	40992	0.0380769	10.974	4.166	4.319	1076559
frame0192.ply	40.4916	47.2151	46.8243	41088	0.0378901	11.531	4.703	4.348	1084400
frame0193.ply	40.4376	47.1269	46.6967	41784	0.0385222	11.621	4.709	4.365	1084673
frame0194.ply	40.4751	47.2094	46.7447	41264	0.0380951	9.928	4.257	4.371	1083185
frame0195.ply	40.4415	47.1522	46.6844	42032	0.0387946	11.552	4.677	4.324	1083451
frame0196.ply	40.3329	47.063	46.6978	42168	0.0389602	6.185	2.776	2.239	1082335
frame0197.ply	40.3499	47.0507	46.6114	41712	0.0386368	11.468	4.668	4.291	1079593
frame0198.ply	40.4717	47.1037	46.5667	42528	0.0391323	11.318	4.569	4.266	1086776
frame0199.ply	40.4843	47.162	46.6455	42176	0.0388111	6.167	2.753	2.225	1086700
frame0200.ply	40.3798	47.1931	46.5802	41848	0.038346	6.201	2.762	2.23	1091326
frame0201.ply	40.2554	47.1216	46.5445	43040	0.0394171	6.199	2.767	2.235	1091912
frame0202.ply	40.3307	47.1592	46.5389	42984	0.0394962	11.574	4.715	4.317	1088306
frame0203.ply	40.4093	47.1125	46.6265	42680	0.0393073	6.156	2.752	2.221	1085803
frame0204.ply	40.2727	47.1094	46.6512	43248	0.0396538	11.568	4.729	4.316	1090640
frame0205.ply	40.4206	47.231	46.5492	42720	0.0392648	6.179	2.761	2.225	1087997
frame0206.ply	40.3349	47.0963	46.6496	42720	0.0392583	11.51	4.722	4.316	1088177
frame0000.ply	42.2768	48.4444	47.3653	133464	0.2454772	13.23	3.184	3.878	1355867
frame0001.ply	42.1087	48.2923	47.3253	135304	0.2475626	14.295	4.254	3.979	1345170
frame0002.ply	42.369	48.4632	47.5166	129504	0.2325682	12.958	2.99	4.086	1357068
frame0003.ply	42.4465	48.5315	47.4961	130640	0.2332416	13.955	3.934	4.107	1364251
frame0004.ply	42.2835	48.428	47.359	132056	0.2420299	7.591	2.688	1.943	1371270
frame0005.ply	42.2157	48.3056	47.0533	142168	0.2580252	10.601	2.745	2.167	1385105
frame0006.ply	42.331	48.3768	47.2771	136016	0.2551075	14.346	4.45	4.143	1357187
frame0007.ply	42.2523	48.3654	47.1925	137680	0.254683	13.534	3.428	4.296	1382194
frame0008.ply	42.4065	48.4649	47.3173	135000	0.2510747	12.838	4.465	4.079	1363507
frame0009.ply	42.3561	48.4878	47.4199	133032	0.2392833	10.489	4.368	2.347	1370263
frame0010.ply	42.4482	48.5614	47.5266	126376	0.2222117	14.524	4.493	4.204	1370766
frame0011.ply	42.5389	48.5668	47.6636	125280	0.2174691	14.364	4.338	4.041	1370623
frame0012.ply	42.3041	48.5164	47.5648	130184	0.2330576	14.433	4.353	4.036	1350376
frame0013.ply	42.2178	48.2955	47.332	136416	0.2393286	14.599	4.389	4.073	1372336
frame0014.ply	42.2561	48.2607	47.2508	137568	0.2472531	12.421	3.221	3.079	1371663
frame0015.ply	42.2744	48.4016	47.0095	134768	0.2449377	14.746	4.268	3.974	1359395
frame0016.ply	42.267	48.4463	47.0136	134472	0.2461868	14.678	4.303	3.967	1350660
frame0017.ply	42.2792	48.4011	47.1154	133664	0.2731512	14.26	4.384	4.361	1349550
frame0018.ply	41.989	48.1546	46.8984	149752	0.2784182	13.948	4.198	3.304	1348818
frame0019.ply	42.0028	48.1952	46.8834	150888	0.2716913	10.196	2.598	2.077	1373324
frame0020.ply	41.9179	48.1463	46.7509	153144	0.280857	13.978	3.575	3.713	1334702
frame0021.ply	41.9169	48.0759	46.7106	155928	0.2598248	14.714	4.302	4.024	1358782
frame0022.ply	41.9231	48.0489	46.7947	149344	0.3697883	13.68	3.652	3.768	1350788
frame0023.ply	42.011	48.1556	46.8699	148448	0.2807034	10.285	4.012	2.725	1339374
frame0024.ply	41.9257	48.149	46.83	151552	0.3632697	14.748	4.328	4.025	1366468
frame0025.ply	41.9947	48.1896	46.9115	143704	0.3574842	14.501	4.214	4.063	1356038
frame0026.ply	42.0214	48.2073	46.9873	143528	0.2721659	13.065	3.438	4.384	1334468
frame0027.ply	41.9465	48.0659	46.9079	150768	0.2845538	8.624	2.604	2.092	1364492
frame0028.ply	42.0029	48.0562	47.0706	143944	0.2808688	13.069	4.264	3.966	1342577
frame0029.ply	41.9914	48.1325	47.0605	141984	0.2804887	11.663	2.597	3.191	1328394
frame0030.ply	41.9592	48.1826	47.0213	142304	0.2809822	14.303	4.171	4.046	1337345
frame0031.ply	41.9149	48.0425	46.9717	143368	0.2865589	12.396	3.219	3.237	1318377
frame0032.ply	42.0011	48.1686	46.9222	144448	0.2833122	13.34	3.116	4.048	1345477
frame0033.ply	42.0211	48.227	46.9845	140888	0.2751785	14.655	4.379	4.084	1356166
frame0034.ply	42.0425	48.2756	47.1194	138240	0.2769026	13.717	3.648	4.087	1344389
frame0035.ply	41.9428	48.1893	46.9999	145184	0.2911929	13.407	3.333	4.072	1345954
frame0036.ply	42.0732	48.2498	47.0635	139392	0.2758777	7.822	2.589	2.085	1346000
frame0037.ply	42.1565	48.307	47.0682	135896	0.2745449	7.707	2.559	2.052	1306970
frame0038.ply	42.2327	48.4223	47.3012	128344	0.248304	14.28	4.291	3.99	1318282
frame0039.ply	42.1576	48.3957	47.1046	135120	0.2617172	13.834	4.227	3.621	1317888
frame0040.ply	42.2631	48.4277	47.1066	132528	0.2574547	13.892	4.07	3.929	1311164
frame0041.ply	42.4327	48.5528	47.275	125384	0.2388507	14.223	4.292	3.983	1316488
frame0042.ply	43.1152	49.0363	48.0647	96144	0.176189	13.351	4.234	3.813	1254419
frame0043.ply	43.2417	49.1753	48.3429	91400	0.1635968	7.08	2.53	2.019	1223686
frame0044.ply	43.2525	49.1819	48.3069	91144	0.163654	13.037	4.371	4.015	1220755
frame0045.ply	43.1058	49.1484	48.3239	92560	0.1804054	12.985	4.46	4.14	1202345
frame0046.ply	43.3334	49.2273	48.3404	92368	0.1668465	12.733	4.211	4.05	1212124
frame0047.ply	43.3081	49.1718	48.2859	90712	0.1999892	12.284	4.255	3.962	1152696
frame0048.ply	43.2271	49.1598	48.3538	90416	0.2051846	12.195	3.99	3.711	1137424
frame0049.ply	43.3963	49.2095	48.5583	85264	0.0775755	11.647	4.787	4.435	1099110
frame0050.ply	43.1863	49.1698	48.4972	87504	0.0804874	11.563	4.729	4.367	1087177
frame0051.ply	43.1187	49.0354	48.4662	89832	0.1615485	10.757	1.708	1.8	1110050
frame0052.ply	43.0728	48.97	48.2554	90584	0.1634937	11.896	2.464	2.289	1102339
frame0053.ply	43.1253	49.021	48.2855	89368	0.1608516	11.535	2.406	1.897	1107674
frame0054.ply	42.96	48.9581	48.2372	90448	0.0840903	7.762	2.757	2.694	1075606
frame0055.ply	42.881	48.8784	48.2158	90160	0.0831485	10.969	4.304	4.324	1084325
frame0056.ply	42.687	48.748	48.0159	100896	0.0937014	8.207	4.609	2.359	1076782
frame0057.ply	42.8183	48.786	48.1022	94560	0.0893476	11.266	4.59	4.268	1058338
frame0058.ply	42.9174	48.8665	48.1388	93824	0.0868935	11.455	4.64	4.327	1079759
frame0059.ply	42.9848	49.019	48.3033	88816	0.0834507	6.021	2.733	2.195	1064293
frame0060.ply	42.9583	48.8427	48.1508	93680	0.0867719	11.492	4.679	4.335	1079612
frame0061.ply	43.0186	48.9625	48.3687	88328	0.0835041	11.265	4.586	4.263	1057769
frame0062.ply	43.1214	49.0995	48.399	85192	0.0800134	10.963	4.367	4.277	1064722
frame0063.ply	43.0961	48.9675	48.3096	87336	0.0830117	10.458	3.975	4.229	1052093
frame0064.ply	43.2034	49.1111	48.3754	87392	0.0814058	11.336	4.595	4.291	1073535
frame0065.ply	43.0962	49.1053	48.3486	88376	0.0820161	11.432	4.672	4.324	1077545
frame0066.ply	43.2526	49.148	48.3584	86832	0.0797203	9.44	2.877	4.237	1089208
frame0067.ply	43.2693	49.1534	48.4245	86288	0.0791108	11.472	4.597	4.367	1090724
frame0068.ply	43.2081	49.1252	48.4826	85880	0.0781665	9.567	2.92	4.237	1098680
frame0069.ply	43.2394	49.1287	48.474	86392	0.0796037	6.153	2.767	2.254	1085276
frame0070.ply	43.2679	49.1626	48.6177	87144	0.0801407	11.397	4.689	4.229	1087388
frame0071.ply	43.3377	49.2093	48.6713	81408	0.0754932	11.41	4.579	4.324	1078349
frame0072.ply	43.3724	49.2674	48.6493	82288	0.0762564	11.527	4.689	4.331	1079097
frame0073.ply	43.3623	49.2752	48.7112	82640	0.0761655	10.369	4.619	4.358	1085005
frame0074.ply	43.3943	49.1794	48.5511	85280	0.1539545	10.227	1.441	1.71	1103985
frame0075.ply	43.2032	49.1387	48.6028	86000	0.0782214	11.238	4.405	4.394	1099444
frame0076.ply	43.2675	49.1593	48.5243	86120	0.154709	11.666	2.29	2.269	1104819
frame0077.ply	43.2739	49.1861	48.5873	86528	0.1566963	8.365	2.337	2.109	1103358
frame0078.ply	43.2363	49.2186	48.5975	83296	0.0758805	11.594	4.675	4.423	1097726
frame0079.ply	43.1522	49.1019	48.4837	87632	0.0798207	6.688	2.807	2.255	1097861
frame0080.ply	43.1188	49.138	48.5392	88368	0.1589439	11.845	2.44	2.191	1109117
frame0081.ply	43.2635	49.114	48.504	89408	0.1604831	11.707	2.348	2.227	1112254
frame0082.ply	43.0459	48.9682	48.299	89632	0.1619368	10.643	2.426	1.142	1106606
frame0083.ply	43.1746	49.0489	48.4978	87584	0.0799646	8.323	2.83	3.099	1095285
frame0084.ply	43.226	49.2041	48.6256	84872	0.0782453	10.214	3.5	4.325	1084692
frame0085.ply	43.2552	49.204	48.5973	84544	0.0770051	11.657	4.759	4.396	1097901
frame0086.ply	43.3911	49.3405	48.6742	80936	0.0754132	11.451	4.651	4.302	1073234
frame0087.ply	43.3165	49.2418	48.6216	83488	0.0775491	10.176	3.507	4.284	1076582
frame0088.ply	43.2688	49.1177	48.5644	84016	0.0780897	9.883	3.173	4.327	1075891
frame0089.ply	43.232	49.1339	48.472	85680	0.0790406	11.682	4.786	4.382	1084000
frame0090.ply	43.3438	49.253	48.5682	83592	0.0777293	11.523	4.669	4.321	1075424
frame0091.ply	43.2242	49.1163	48.6115	85912	0.0790869	11.607	4.711	4.364	1086299
frame0092.ply	43.2923	49.2241	48.5472	85440	0.0792997	11.516	4.674	4.309	1077432
frame0093.ply	43.2708	49.1851	48.6051	86160	0.0795913	11.538	4.68	4.335	1082531
frame0094.ply	43.309	49.1795	48.6985	84232	0.0790733	6.054	2.716	2.178	1065239
frame0095.ply	43.3681	49.1584	48.7327	82320	0.0768302	11.582	4.717	4.31	1071453
frame0096.ply	43.4456	49.2778	48.7077	82328	0.0765676	8.341	2.799	3.188	1075233
frame0097.ply	43.308	49.2552	48.7315	81760	0.0759655	7.02	3.572	2.222	1076278
frame0098.ply	43.4301	49.2674	48.7079	81904	0.076584	11.254	4.481	4.275	1069466
frame0099.ply	43.3672	49.2528	48.7624	81416	0.0748842	8.755	4.626	2.798	1087225
frame0100.ply	43.2219	49.1582	48.733	83424	0.0776742	6.661	2.744	2.209	1074025
frame0101.ply	43.2784	49.2236	48.7011	83152	0.0760863	11.039	4.199	4.394	1092864
frame0102.ply	43.2347	49.1715	48.5634	84392	0.0781523	11.24	4.372	4.304	1079840
frame0103.ply	43.161	49.1514	48.5989	86680	0.0791441	11.663	4.698	4.376	1095217
frame0104.ply	43.2621	49.236	48.6548	84800	0.0778017	11.511	4.669	4.349	1089950
frame0105.ply	43.2339	49.1558	48.6306	83480	0.0771326	10.413	4.643	4.361	1082292
frame0106.ply	43.2351	49.1469	48.5603	82800	0.0769387	11.521	4.681	4.328	1076182
frame0107.ply	43.208	49.2146	48.584	83848	0.0782736	9.846	3.729	3.641	1071217
frame0108.ply	43.3118	49.1773	48.5947	82880	0.0775714	11.456	4.654	4.297	1068435
frame0109.ply	43.3068	49.1795	48.6919	82400	0.0769945	9.159	4.295	2.374	1070207
frame0110.ply	43.1992	49.1477	48.6242	82896	0.0775647	10.118	3.342	4.302	1068733
frame0111.ply	43.2697	49.1856	48.6032	82704	0.077519	11.235	4.416	4.294	1066887
frame0112.ply	43.1608	49.0824	48.5514	84496	0.0799275	9.525	2.889	4.271	1057158
frame0113.ply	43.1228	49.0614	48.5049	85208	0.0791953	9.345	2.775	4.201	1075922
frame0114.ply	43.139	49.0049	48.537	84256	0.0801883	10.905	4.219	4.239	1050727
frame0115.ply	43.1794	49.0503	48.553	84624	0.0802652	10.899	4.195	4.244	1054305
frame0116.ply	43.0713	48.9702	48.4257	85632	0.0811177	11.25	4.546	4.244	1055651
frame0117.ply	43.1343	49.0247	48.4779	84568	0.0805994	11.253	4.564	4.233	1049239
frame0118.ply	43.0007	48.8922	48.364	88344	0.0839017	10.481	3.858	4.201	1052946
frame0119.ply	43.0721	48.9619	48.4397	89064	0.082782	10.496	3.758	4.327	1075886
frame0120.ply	43.0419	49.0596	48.3764	89936	0.0834723	11.264	4.537	4.315	1077435
frame0121.ply	43.0025	48.9061	48.3571	90984	0.083452	10.758	3.954	4.378	1090256
frame0122.ply	43.0521	49.0319	48.435	87960	0.0805969	11.524	4.563	4.399	1091357
frame0123.ply	43.0613	48.9445	48.4123	89928	0.0828419	6.206	2.793	2.233	1085538
frame0124.ply	43.0546	48.9668	48.4211	91336	0.084361	6.254	2.777	2.227	1082681
frame0125.ply	43.0801	48.8601	48.4356	88632	0.0821071	11.332	4.629	4.188	1079468
frame0126.ply	43.0853	48.9774	48.4626	86512	0.081589	11.183	4.512	4.268	1060339
frame0127.ply	43.0806	48.9781	48.4777	85888	0.0808839	9.42	2.875	4.282	1061868
frame0128.ply	43.4548	49.2208	48.6656	79336	0.0761842	11.087	4.515	4.209	1041371
frame0129.ply	43.3423	49.2549	48.5965	84416	0.0788787	11.239	4.606	4.302	1070200
frame0130.ply	43.4934	49.2894	48.6642	83384	0.0770377	11.39	4.63	4.368	1082379
frame0131.ply	42.8606	48.7534	48.1929	100784	0.2210531	11.91	3.653	3.396	1117742
frame0132.ply	42.9404	48.8236	48.172	101112	0.2247704	6.629	2.274	1.826	1150712
frame0133.ply	41.793	48.0009	46.9371	144384	0.2216964	13.417	3.613	3.342	1255325
frame0134.ply	41.5652	47.7863	46.7299	162776	0.253503	13.279	3.095	3.378	1296583
frame0135.ply	41.3531	47.6455	46.3835	165912	0.23503	14.14	4.526	4.16	1315035
frame0136.ply	41.1761	47.4981	46.2306	176896	0.268429	14.038	3.963	3.638	1300473
frame0137.ply	41.0719	47.4299	46.1099	188360	0.295682	12.549	3.102	1.892	1341297
frame0138.ply	41.0492	47.37	45.8208	196656	0.306287	14.979	3.797	3.489	1393613
frame0139.ply	41.1501	47.4199	46.0111	189640	0.2950354	14.245	3.061	3.404	1387162
frame0140.ply	41.537	47.7409	46.2952	159552	0.234857	7.631	2.275	1.805	1307576
frame0141.ply	41.1734	47.444	46.0768	180944	0.277385	14.228	3.791	3.484	1315031
frame0142.ply	41.2669	47.5385	46.267	176080	0.276676	12.6	2.868	3.066	1300441
frame0143.ply	41.3526	47.6021	46.1844	177288	0.279965	13.447	2.479	3.172	1335661
frame0144.ply	41.2165	47.3923	45.8768	193032	0.300696	12.914	3.169	2.23	1355034
frame0145.ply	41.1029	47.2677	45.8212	195784	0.307589	8.807	2.867	1.706	1363118
frame0146.ply	41.0648	47.5216	46.0515	191616	0.298109	14.531	3.454	3.313	1372029
frame0147.ply	41.1948	47.5636	46.0576	192400	0.281387	12.028	1.926	1.492	1370887
frame0148.ply	41.2744	47.5249	46.1206	186728	0.29361	14.557	3.674	3.388	1356616
frame0149.ply	41.712	47.9327	46.5817	166024	0.25609	14.188	3.387	3.516	1360463
frame0150.ply	41.8474	48.013	46.9992	151424	0.243407	8.054	2.375	1.9	1287012
frame0151.ply	41.9234	48.1371	47.1978	136584	0.231649	13.091	3.822	3.542	1235515
frame0152.ply	43.1745	49.0345	48.2361	94576	0.2073965	10.929	3.703	3.532	1140860
frame0153.ply	43.3392	49.2735	48.6658	85240	0.0780022	11.411	4.623	4.383	1092789
frame0154.ply	43.4855	49.282	48.703	81640	0.0747167	11.348	4.539	4.403	1092660
frame0155.ply	43.4097	49.2743	48.5524	83888	0.0765009	10.314	3.673	4.157	1096562
frame0156.ply	43.3022	49.0873	48.4182	82512	0.0777967	11.279	4.587	4.252	1060611
frame0157.ply	43.3939	49.1883	48.5784	82864	0.0790034	11.13	4.523	4.202	1048866
frame0158.ply	43.4165	49.1977	48.6703	81104	0.0761959	6.059	2.722	2.213	1064414
frame0159.ply	43.5154	49.2377	48.7317	79624	0.0748567	11.195	4.552	4.277	1063685
frame0160.ply	43.5125	49.3132	48.7382	78344	0.0743004	10.972	4.439	4.226	1054422
frame0161.ply	43.5529	49.3354	48.8486	78184	0.0735968	9.462	2.989	4.18	1062329
frame0162.ply	43.5558	49.3335	48.6664	77528	0.0733584	11.273	4.564	4.252	1056839
frame0163.ply	43.5117	49.3053	48.8011	78904	0.0741022	9.797	3.319	4.168	1064800
frame0164.ply	43.4884	49.2729	48.725	78472	0.073672	6.165	2.721	2.21	1065154
frame0165.ply	43.4432	49.3229	48.7373	80216	0.0750472	10.626	3.999	4.297	1068874
frame0166.ply	43.3648	49.241	48.6546	82992	0.0770782	11.103	4.298	4.316	1076725
frame0167.ply	43.4665	49.282	48.7149	81816	0.0756194	11.449	4.664	4.3	1081945
frame0168.ply	43.42	49.2348	48.7046	83512	0.076877	11.571	4.7	4.366	1086307
frame0169.ply	43.405	49.2371	48.7459	81720	0.0760605	9.813	3.194	4.2	1074408
frame0170.ply	43.457	49.3124	48.7545	81640	0.0756981	9.293	2.776	4.208	1078494
frame0171.ply	43.2994	49.13	48.6275	84040	0.0774435	11.195	4.386	4.363	1085178
frame0172.ply	43.3371	49.2147	48.6886	84528	0.0770676	10.439	3.727	4.308	1096804
frame0173.ply	43.41	49.2666	48.6437	84912	0.0779957	6.162	2.777	2.242	1088676
frame0174.ply	43.2638	49.1607	48.6348	86232	0.0790852	11.565	4.727	4.359	1090368
frame0175.ply	43.3065	49.1901	48.5855	84848	0.0776335	11.509	4.631	4.383	1092930
frame0176.ply	43.2483	49.2383	48.6433	85632	0.0784995	11.031	4.379	4.279	1090860
frame0177.ply	43.1476	49.078	48.5809	87880	0.0807259	11.497	4.644	4.363	1088622
frame0178.ply	43.0625	49.0749	48.5556	87088	0.0801743	6.26	2.768	2.243	1086233
frame0179.ply	43.327	49.173	48.7332	84288	0.1502375	11.747	2.506	2.321	1105007
frame0180.ply	43.3715	49.217	48.7482	82872	0.0757526	11.527	4.656	4.38	1093982
frame0181.ply	43.2632	49.224	48.5721	85352	0.1519246	11.677	2.542	2.345	1102075
frame0182.ply	43.2242	49.1822	48.5988	85344	0.1523972	11.74	2.468	2.292	1106381
frame0183.ply	43.2484	49.1521	48.5595	84816	0.1516004	11.533	2.456	2.302	1101244
frame0184.ply	43.3031	49.1959	48.6748	83992	0.077031	11.456	4.729	4.392	1090366
frame0185.ply	43.3517	49.2367	48.6572	85216	0.1528859	10.749	1.596	2.256	1103703
frame0186.ply	43.3493	49.2671	48.6908	82992	0.0756233	10.302	3.444	4.42	1097440
frame0187.ply	43.3893	49.2752	48.6912	82160	0.0755616	11.52	4.739	4.37	1087325
frame0188.ply	43.2525	49.2203	48.6116	85720	0.0788601	9.318	2.816	4.222	1086988
frame0189.ply	43.2685	49.1861	48.6014	85512	0.0793119	11.245	4.515	4.329	1078173
frame0190.ply	43.2434	49.2003	48.6328	85440	0.0797964	11.323	4.639	4.291	1070725
frame0191.ply	43.2847	49.186	48.6452	83712	0.0777589	11.326	4.637	4.29	1076559
frame0192.ply	43.3174	49.2563	48.7344	83688	0.0771745	11.379	4.604	4.347	1084400
frame0193.ply	43.2947	49.1867	48.6695	84008	0.0774501	6.108	2.775	2.218	1084673
frame0194.ply	43.3182	49.1953	48.6231	82792	0.0764339	11.499	4.724	4.359	1083185
frame0195.ply	43.2929	49.2246	48.6265	84432	0.0779288	9.375	3.508	3.482	1083451
frame0196.ply	43.1465	49.2045	48.5815	85304	0.0788148	7.207	3.767	2.219	1082335
frame0197.ply	43.1502	49.1335	48.5724	84112	0.0779108	9.173	2.742	4.179	1079593
frame0198.ply	43.2533	49.2254	48.5316	85264	0.0784559	6.065	2.749	2.202	1086776
frame0199.ply	43.244	49.1777	48.614	84176	0.0774602	11.361	4.635	4.298	1086700
frame0200.ply	43.1301	49.2146	48.508	85216	0.0780848	11.295	4.656	4.259	1091326
frame0201.ply	43.0691	49.1391	48.4935	87016	0.0796914	6.106	2.766	2.235	1091912
frame0202.ply	43.1446	49.1425	48.398	87200	0.0801245	6.127	2.745	2.233	1088306
frame0203.ply	43.2658	49.1563	48.5181	86392	0.0795651	6.069	2.755	2.215	1085803
frame0204.ply	43.155	49.1282	48.5529	87432	0.0801658	10.337	3.726	4.313	1090640
frame0205.ply	43.286	49.1475	48.5534	85248	0.0783532	11.07	4.433	4.323	1087997
frame0206.ply	43.1898	49.2094	48.5204	87496	0.080406	6.069	2.745	2.214	1088177
frame0000.ply	45.3377	50.2071	49.292	303352	0.557492	10.786	2.505	2.108	1355867
frame0001.ply	45.1926	50.0445	49.1659	308512	0.564694	7.592	2.535	1.89	1345170
frame0002.ply	45.4023	50.2667	49.3531	292984	0.528111	13.968	3.921	4.003	1357068
frame0003.ply	45.5315	50.3696	49.4497	295776	0.533406	14.297	4.402	3.972	1364251
frame0004.ply	45.3469	50.2284	49.2315	301968	0.555486	14.598	4.499	4.208	1371270
frame0005.ply	45.3179	50.1332	49.0759	323088	0.58704	14.718	4.484	4.233	1385105
frame0006.ply	45.4233	50.2186	49.2964	306024	0.574956	13.798	3.982	4.179	1357187
frame0007.ply	45.3395	50.1189	49.1378	312464	0.582285	10.169	2.77	2.199	1382194
frame0008.ply	45.4012	50.2682	49.2657	305592	0.572431	9.836	4.399	2.344	1363507
frame0009.ply	45.4551	50.2784	49.3485	305536	0.556299	12.8	2.849	4.164	1370263
frame0010.ply	45.4886	50.2555	49.3566	287848	0.511561	14.455	4.376	4.202	1370766
frame0011.ply	45.5474	50.3508	49.5019	286240	0.502463	12.702	3.583	2.971	1370623
frame0012.ply	45.4246	50.2924	49.4341	299784	0.540466	12.874	2.962	4.009	1350376
frame0013.ply	45.3034	50.0999	49.1783	309288	0.543838	14.213	4.116	4.032	1372336
frame0014.ply	45.2897	50.0693	49.0969	311184	0.560726	14.625	4.36	4.063	1371663
frame0015.ply	45.3575	50.1555	48.9821	309640	0.565966	10.618	2.54	2.379	1359395
frame0016.ply	45.3261	50.1886	48.9972	311880	0.574171	14.584	4.305	3.967	1350660
frame0017.ply	45.3356	50.2052	49.0852	307776	0.636994	14.609	4.722	4.38	1349550
frame0018.ply	45.1978	50.038	48.9644	339336	0.631431	13.508	3.63	3.443	1348818
frame0019.ply	45.2154	50.0671	49.0182	343240	0.620842	14.157	4.332	3.379	1373324
frame0020.ply	45.1687	50.0384	48.9093	344736	0.628642	14.506	4.042	3.737	1334702
frame0021.ply	45.14	49.9117	48.7964	350496	0.595808	14.683	4.334	4	1358782
frame0022.ply	45.0708	49.92	48.8292	339280	0.860452	13.933	3.84	3.987	1350788
frame0023.ply	45.1697	50.0188	48.9532	334880	0.630158	13.247	2.904	3.828	1339374
frame0024.ply	45.0574	49.9769	48.8841	342368	0.840524	8.153	2.56	2.07	1366468
frame0025.ply	45.143	49.9517	48.8682	329328	0.839275	9.018	3.599	2.082	1356038
frame0026.ply	45.188	50.0395	49.0524	323752	0.617877	14.279	4.555	4.378	1334468
frame0027.ply	45.0676	49.9638	48.9248	340264	0.644334	14.331	4.062	4.057	1364492
frame0028.ply	45.176	49.9701	48.9946	326576	0.635552	13.015	2.917	4.009	1342577
frame0029.ply	45.1485	49.9346	48.9803	322272	0.634281	13.986	4.026	4.023	1328394
frame0030.ply	45.1467	50.0414	48.9871	326328	0.64321	7.901	2.577	2.075	1337345
frame0031.ply	45.0851	49.9391	48.8932	328144	0.656057	13.874	3.88	3.966	1318377
frame0032.ply	45.0929	50.0161	48.9463	330232	0.645534	14.334	4.219	4.056	1345477
frame0033.ply	45.127	50.0359	48.9763	323720	0.635893	9.554	2.945	2.098	1356166
frame0034.ply	45.1941	50.0526	49.079	317408	0.636327	12.928	2.901	3.995	1344389
frame0035.ply	45.1443	49.967	48.9677	334336	0.673346	13.415	3.443	4.05	1345954
frame0036.ply	45.2126	50.0642	49.0096	318112	0.631045	11.3	2.598	2.923	1346000
frame0037.ply	45.2671	50.1738	49.0904	306704	0.618572	13.374	4.077	3.597	1306970
frame0038.ply	45.3535	50.215	49.1804	296216	0.575721	14.133	4.251	4	1318282
frame0039.ply	45.2684	50.1823	49.092	310104	0.598144	14.071	4.223	3.852	1317888
frame0040.ply	45.3876	50.234	49.1277	303472	0.593778	11.794	4.185	3.879	1311164
frame0041.ply	45.4771	50.3399	49.2514	284928	0.545383	13.898	4.077	3.987	1316488
frame0042.ply	45.9839	50.6382	49.7288	219160	0.407968	13.465	4.196	3.961	1254419
frame0043.ply	46.1562	50.7968	49.9729	212856	0.387823	12.209	3.959	3.313	1223686
frame0044.ply	46.0911	50.7852	49.9727	207264	0.38488	7.114	2.621	2.104	1220755
frame0045.ply	46.0439	50.8232	49.9806	212328	0.433767	12.676	4.249	4.084	1202345
frame0046.ply	46.2634	50.9304	50.0817	211576	0.395489	7.525	2.606	2.067	1212124
frame0047.ply	46.2561	50.9614	50.0484	204736	0.456604	11.967	4.065	3.925	1152696
frame0048.ply	46.2418	50.9673	50.1413	201976	0.457469	11.926	3.778	3.674	1137424
frame0049.ply	46.3506	51.003	50.2542	188824	0.171797	11.49	4.603	4.381	1099110
frame0050.ply	46.2418	50.9839	50.2613	197728	0.181873	11.087	4.204	4.375	1087177
frame0051.ply	46.1448	50.7761	50.1067	199280	0.358433	10.848	1.801	1.796	1110050
frame0052.ply	46.0753	50.7003	49.9601	201984	0.364591	11.069	1.794	2.267	1102339
frame0053.ply	46.1863	50.8188	50.0484	201432	0.36258	11.819	2.352	2.242	1107674
frame0054.ply	46.013	50.7561	50.0229	205680	0.191222	11.382	4.594	4.327	1075606
frame0055.ply	45.9582	50.6519	49.9205	204664	0.188748	10.311	3.596	4.344	1084325
frame0056.ply	45.846	50.6202	49.8325	225528	0.209446	10.264	4.568	4.333	1076782
frame0057.ply	45.9304	50.5869	49.859	211432	0.199777	7.174	3.701	1.984	1058338
frame0058.ply	46.0191	50.6668	49.939	210736	0.195169	11.322	4.791	4.206	1079759
frame0059.ply	46.0796	50.7456	50.1063	200304	0.188204	5.774	2.686	1.988	1064293
frame0060.ply	46.0109	50.6475	49.9545	206488	0.191261	8.077	3.041	2.835	1079612
frame0061.ply	46.0378	50.7242	50.1034	198816	0.187958	10.718	4.466	4.09	1057769
frame0062.ply	46.1322	50.8048	50.1458	193544	0.181779	9.567	3.235	4.14	1064722
frame0063.ply	46.1154	50.7956	50.0426	197504	0.187725	10.818	4.576	4.052	1052093
frame0064.ply	46.2103	50.8741	50.1295	198288	0.184706	10.858	4.381	4.165	1073535
frame0065.ply	46.1681	50.8855	50.1377	201376	0.186884	10.584	4.205	4.183	1077545
frame0066.ply	46.2293	50.9084	50.1237	194464	0.178537	10.555	4.703	4.168	1089208
frame0067.ply	46.2708	50.9323	50.1859	194272	0.178113	11.439	4.839	4.263	1090724
frame0068.ply	46.239	50.9238	50.1969	195400	0.17785	11.005	4.341	4.286	1098680
frame0069.ply	46.2561	50.8619	50.2301	191000	0.175992	10.249	3.993	4.206	1085276
frame0070.ply	46.2817	51.0187	50.3883	195096	0.179417	11.2	4.66	4.226	1087388
frame0071.ply	46.3657	50.9498	50.326	180912	0.167768	8.777	3.474	2.979	1078349
frame0072.ply	46.3493	51.0263	50.3868	184912	0.171358	11.144	4.335	4.345	1079097
frame0073.ply	46.3587	51.0099	50.4118	185120	0.170617	11.412	4.592	4.338	1085005
frame0074.ply	46.3472	50.9629	50.3166	188272	0.339939	11.88	2.429	2.257	1103985
frame0075.ply	46.2056	50.9158	50.3543	195872	0.178156	10.834	4.003	4.325	1099444
frame0076.ply	46.2803	50.9352	50.3045	194072	0.348691	8.619	2.436	2.279	1104819
frame0077.ply	46.2876	50.9075	50.2841	196600	0.356034	11.856	2.405	2.23	1103358
frame0078.ply	46.2287	50.9229	50.2554	193064	0.175876	11.574	4.671	4.41	1097726
frame0079.ply	46.1379	50.8557	50.1957	197232	0.179651	11.346	4.557	4.403	1097861
frame0080.ply	46.107	50.8627	50.2661	200480	0.360567	6.377	1.434	1.157	1109117
frame0081.ply	46.21	50.9505	50.2707	198440	0.35619	11.777	2.394	2.223	1112254
frame0082.ply	46.1122	50.7689	50.0806	204432	0.369349	11.645	2.313	2.198	1106606
frame0083.ply	46.1651	50.8966	50.2354	196176	0.17911	10.426	3.657	4.39	1095285
frame0084.ply	46.2487	51.0091	50.3266	192616	0.177577	9.931	3.184	4.291	1084692
frame0085.ply	46.2915	50.9305	50.3174	190312	0.173342	11.588	4.76	4.4	1097901
frame0086.ply	46.3515	51.044	50.4609	183552	0.171027	11.346	4.639	4.298	1073234
frame0087.ply	46.3019	50.9717	50.3271	186344	0.173089	10.309	3.567	4.333	1076582
frame0088.ply	46.2376	50.8655	50.2762	186824	0.173646	11.43	4.678	4.341	1075891
frame0089.ply	46.2037	50.8703	50.2182	191000	0.176199	11.446	4.705	4.371	1084000
frame0090.ply	46.2799	50.9606	50.2745	184736	0.17178	8.441	3.301	2.76	1075424
frame0091.ply	46.2685	50.8977	50.3077	192864	0.177542	11.504	4.707	4.364	1086299
frame0092.ply	46.3154	50.9956	50.3408	191080	0.177348	7.779	2.755	2.752	1077432
frame0093.ply	46.2362	51.0059	50.3544	190776	0.176231	10.021	3.393	4.335	1082531
frame0094.ply	46.3003	50.9925	50.4336	189456	0.177853	8.086	4.716	2.168	1065239
frame0095.ply	46.2754	50.9228	50.3581	181632	0.169519	8.185	4.725	2.247	1071453
frame0096.ply	46.3633	51.0062	50.4478	182528	0.169757	11.406	4.658	4.325	1075233
frame0097.ply	46.2753	51.0142	50.3899	183608	0.170595	10.79	4.057	4.319	1076278
frame0098.ply	46.414	51.0832	50.5125	183456	0.17154	11.18	4.473	4.301	1069466
frame0099.ply	46.3194	51.047	50.471	182952	0.168274	11.173	4.294	4.379	1087225
frame0100.ply	46.2647	50.9867	50.433	188584	0.175586	8.409	2.768	3.287	1074025
frame0101.ply	46.2266	50.9131	50.3449	188560	0.172537	11.495	4.683	4.402	1092864
frame0102.ply	46.239	50.88	50.2372	190032	0.175982	11.415	4.59	4.325	1079840
frame0103.ply	46.2775	50.9552	50.3313	197928	0.18072	11.652	4.726	4.398	1095217
frame0104.ply	46.2776	50.9461	50.3568	191120	0.175347	6.22	2.787	2.249	1089950
frame0105.ply	46.2313	50.9194	50.307	189160	0.174777	10.77	4.05	4.337	1082292
frame0106.ply	46.2122	50.9036	50.2684	186048	0.172878	11.444	4.679	4.32	1076182
frame0107.ply	46.2219	50.9476	50.3705	190032	0.177398	11.261	4.641	4.247	1071217
frame0108.ply	46.2427	50.9212	50.3264	185952	0.174041	10.896	4.112	4.307	1068435
frame0109.ply	46.2999	50.9658	50.3682	186248	0.17403	9.741	3.179	4.2	1070207
frame0110.ply	46.1516	50.9237	50.3124	185032	0.173132	9.639	4.326	4.15	1068733
frame0111.ply	46.2435	50.9606	50.3255	185624	0.173987	8.404	4.259	2.194	1066887
frame0112.ply	46.1755	50.8645	50.2573	189880	0.179614	11.256	4.573	4.244	1057158
frame0113.ply	46.1219	50.802	50.203	190272	0.176846	11.535	4.691	4.346	1075922
frame0114.ply	46.139	50.8112	50.2476	189552	0.180401	9.081	2.707	4.082	1050727
frame0115.ply	46.1563	50.8491	50.2675	188208	0.178514	10.232	3.566	4.239	1054305
frame0116.ply	46.0652	50.7404	50.2006	193456	0.183258	6.026	2.698	2.187	1055651
frame0117.ply	46.165	50.8342	50.1883	190448	0.181511	5.99	2.699	2.17	1049239
frame0118.ply	46.0928	50.738	50.1222	199448	0.189419	10.761	4.108	4.233	1052946
frame0119.ply	46.1208	50.7619	50.1701	199712	0.185626	10.505	3.823	4.322	1075886
frame0120.ply	46.081	50.8273	50.2114	203504	0.188878	11.357	4.602	4.28	1077435
frame0121.ply	46.0527	50.7555	50.1211	205240	0.188249	11.343	4.522	4.37	1090256
frame0122.ply	46.0746	50.7694	50.0941	197704	0.181154	11.649	4.726	4.4	1091357
frame0123.ply	46.0939	50.8399	50.214	203672	0.187623	11.238	4.49	4.341	1085538
frame0124.ply	46.1243	50.7991	50.2121	205776	0.190062	11.171	4.457	4.334	1082681
frame0125.ply	46.0873	50.6876	50.076	198200	0.183609	10.515	3.91	4.149	1079468
frame0126.ply	46.0879	50.7899	50.1658	195984	0.184831	11.246	4.564	4.248	1060339
frame0127.ply	46.0341	50.6998	50.1601	191720	0.18055	8.855	3.676	2.817	1061868
frame0128.ply	46.4324	50.9918	50.3655	176072	0.169077	6.178	2.814	2.167	1041371
frame0129.ply	46.3583	51.0178	50.3727	188496	0.176132	11.244	4.547	4.302	1070200
frame0130.ply	46.4979	51.0328	50.4917	182192	0.168326	9.291	2.769	4.199	1082379
frame0131.ply	46.016	50.6068	49.9005	223336	0.494628	9.652	2.609	2.33	1117742
frame0132.ply	46.0458	50.5877	49.9246	225544	0.499675	12.183	3.78	3.503	1150712
frame0133.ply	44.9352	49.8133	48.8926	322280	0.493251	13.534	3.709	3.363	1255325
frame0134.ply	44.7581	49.7177	48.7083	362096	0.558625	14.177	3.757	3.403	1296583
frame0135.ply	44.6031	49.4807	48.3633	376656	0.541607	13.948	4.443	4.172	1315035
frame0136.ply	44.4877	49.3795	48.1919	393624	0.594259	11.018	3.865	3.628	1300473
frame0137.ply	44.4159	49.3802	48.131	423808	0.666106	14.331	3.492	3.251	1341297
frame0138.ply	44.3735	49.2789	47.9779	448936	0.695704	14.835	3.65	3.477	1393613
frame0139.ply	44.4776	49.3338	48.0395	429616	0.665754	15.115	3.775	3.406	1387162
frame0140.ply	44.7453	49.5455	48.2785	362720	0.533567	13.467	3.223	3.481	1307576
frame0141.ply	44.5082	49.3467	48.1871	404440	0.618271	11.472	2.276	2.477	1315031
frame0142.ply	44.5813	49.4767	48.3114	395576	0.616576	11.058	3.773	3.537	1300441
frame0143.ply	44.5926	49.4979	48.2505	399200	0.629168	7.748	2.037	1.628	1335661
frame0144.ply	44.5502	49.3495	48.0028	430784	0.670231	13.734	2.82	3.24	1355034
frame0145.ply	44.4674	49.2835	48.0318	441112	0.691759	14.44	3.345	3.289	1363118
frame0146.ply	44.4174	49.4219	48.1586	435768	0.676486	12.788	2.721	2.319	1372029
frame0147.ply	44.5427	49.5028	48.2612	432664	0.632413	10.45	2.539	1.473	1370887
frame0148.ply	44.6215	49.4663	48.2341	414792	0.651608	14.267	3.456	3.387	1356616
frame0149.ply	44.9086	49.7912	48.5965	370200	0.571192	14.582	3.791	3.524	1360463
frame0150.ply	45.1041	49.8565	48.9549	334016	0.535121	13.793	3.959	3.664	1287012
frame0151.ply	45.1676	49.9913	49.0899	307296	0.5203	13.197	3.803	3.545	1235515
frame0152.ply	46.2029	50.7878	50.0384	208192	0.462644	11.817	3.6	3.501	1140860
frame0153.ply	46.4353	51.041	50.4427	193000	0.176612	11.398	4.609	4.385	1092789
frame0154.ply	46.4622	51.0483	50.3835	182120	0.166676	11.465	4.641	4.414	1092660
frame0155.ply	46.4282	51.0194	50.2989	187576	0.171058	10.953	4.256	4.38	1096562
frame0156.ply	46.3234	50.8733	50.1854	186912	0.17623	11.173	4.675	4.208	1060611
frame0157.ply	46.3902	50.951	50.3336	184672	0.176068	10.451	4.033	4.168	1048866
frame0158.ply	46.3915	50.9355	50.3129	180456	0.169536	11.209	4.697	4.229	1064414
frame0159.ply	46.5039	51.0734	50.453	177136	0.166531	11.166	4.652	4.224	1063685
frame0160.ply	46.4724	51.0324	50.4515	175496	0.166438	11.001	4.609	4.138	1054422
frame0161.ply	46.4849	51.041	50.454	173008	0.162857	11.181	4.671	4.222	1062329
frame0162.ply	46.4857	51.0324	50.4363	173080	0.163771	5.807	2.746	1.964	1056839
frame0163.ply	46.4765	50.9883	50.4402	175112	0.164455	7.984	2.934	2.871	1064800
frame0164.ply	46.4336	51.0184	50.4314	173744	0.163116	9.708	3.354	4.092	1065154
frame0165.ply	46.4474	51.0025	50.4371	178544	0.167039	11.233	4.697	4.254	1068874
frame0166.ply	46.3916	50.9683	50.3834	186136	0.172872	10.703	4.252	4.26	1076725
frame0167.ply	46.4328	51.0763	50.4773	183984	0.170049	7.684	4.438	2.004	1081945
frame0168.ply	46.3586	51.037	50.438	185792	0.171031	10.046	3.516	4.328	1086307
frame0169.ply	46.3858	51.009	50.4205	183544	0.170833	10.718	3.943	4.31	1074408
frame0170.ply	46.4557	51.0202	50.4844	181576	0.168361	7.477	3.97	2.233	1078494
frame0171.ply	46.3429	50.914	50.3309	187528	0.172809	11.182	4.446	4.353	1085178
frame0172.ply	46.3485	50.9888	50.3337	187384	0.170845	11.39	4.442	4.4	1096804
frame0173.ply	46.4416	51.1137	50.4448	190320	0.174818	8.503	2.809	3.31	1088676
frame0174.ply	46.3456	51.0257	50.3912	191440	0.175574	11.19	4.279	4.382	1090368
frame0175.ply	46.3103	50.9882	50.3435	190592	0.174386	10.34	3.543	4.39	1092930
frame0176.ply	46.2833	50.9559	50.3692	192664	0.176617	11.631	4.74	4.387	1090860
frame0177.ply	46.2514	50.909	50.292	196216	0.180243	9.475	3.458	3.521	1088622
frame0178.ply	46.1913	50.8806	50.2794	197008	0.181368	11.569	4.705	4.352	1086233
frame0179.ply	46.301	50.9188	50.3278	188040	0.335129	11.55	2.26	2.318	1105007
frame0180.ply	46.3321	50.9641	50.4267	186376	0.170365	10.799	4.008	4.38	1093982
frame0181.ply	46.2972	50.9527	50.3275	191264	0.340569	11.827	2.563	2.283	1102075
frame0182.ply	46.2761	50.9283	50.3204	193064	0.344801	7.6	2.446	1.312	1106381
frame0183.ply	46.2436	50.8736	50.2561	189608	0.33904	11.655	2.472	2.299	1101244
frame0184.ply	46.2789	50.9126	50.3233	187152	0.171641	11.545	4.75	4.392	1090366
frame0185.ply	46.3093	50.9341	50.3863	189400	0.339906	11.24	2.083	2.26	1103703
frame0186.ply	46.3249	51.0133	50.3628	186432	0.169879	9.57	2.851	4.402	1097440
frame0187.ply	46.3708	51.0251	50.4345	184288	0.169488	10.678	3.991	4.378	1087325
frame0188.ply	46.3122	51.0034	50.3639	193616	0.178122	10.974	4.386	4.338	1086988
frame0189.ply	46.3508	50.9577	50.3467	190336	0.176536	6.586	2.767	2.229	1078173
frame0190.ply	46.2965	51.0183	50.36	192512	0.179796	10.877	4.183	4.303	1070725
frame0191.ply	46.3374	50.981	50.3419	189072	0.175626	10.291	4.653	4.336	1076559
frame0192.ply	46.3398	51.0215	50.4514	187192	0.172623	11.495	4.703	4.359	1084400
frame0193.ply	46.3353	50.9722	50.3253	187664	0.173014	6.121	2.771	2.235	1084673
frame0194.ply	46.3587	50.9135	50.2857	185560	0.17131	9.368	2.881	4.218	1083185
frame0195.ply	46.3035	51.038	50.4527	191536	0.176783	11.132	4.514	4.32	1083451
frame0196.ply	46.1962	50.924	50.3149	193688	0.178954	11.454	4.688	4.357	1082335
frame0197.ply	46.1948	50.8604	50.2487	189360	0.175399	6.133	2.741	2.214	1079593
frame0198.ply	46.2708	51.0121	50.3806	192976	0.177567	11.492	4.696	4.3	1086776
frame0199.ply	46.2573	50.9735	50.3538	189520	0.1744	6.159	2.742	2.225	1086700
frame0200.ply	46.1318	50.903	50.2518	193128	0.176966	6.184	2.766	2.235	1091326
frame0201.ply	46.1217	50.8925	50.2045	197504	0.180879	6.177	2.755	2.236	1091912
frame0202.ply	46.1584	50.9232	50.2083	197640	0.181603	11.524	4.705	4.314	1088306
frame0203.ply	46.2426	50.9726	50.2868	194952	0.179546	11.165	4.552	4.273	1085803
frame0204.ply	46.1908	50.8925	50.2253	197928	0.181479	11.54	4.705	4.325	1090640
frame0205.ply	46.2468	50.9305	50.2409	192552	0.176978	11.497	4.688	4.303	1087997
frame0206.ply	46.317	50.9828	50.3589	197096	0.181125	6.149	2.747	2.214	1088177
frame0000.ply	48.1986	52.1631	51.3515	672808	1.2178	10.845	2.54	2.127	1355867
frame0001.ply	48.0942	52.0608	51.2439	687672	1.244675	14.359	4.208	3.96	1345170
frame0002.ply	48.2229	52.214	51.4218	653296	1.166606	14.608	4.403	4.069	1357068
frame0003.ply	48.3401	52.3934	51.5979	656352	1.179293	13.667	3.557	4.126	1364251
frame0004.ply	48.1849	52.1707	51.3291	676848	1.232672	14.625	4.513	4.217	1371270
frame0005.ply	48.155	52.1705	51.2949	713640	1.282989	14.878	4.597	4.223	1385105
frame0006.ply	48.2635	52.2485	51.4302	674840	1.254781	14.489	4.472	4.165	1357187
frame0007.ply	48.1627	52.0696	51.2207	692288	1.279597	12.811	3.599	3.418	1382194
frame0008.ply	48.2389	52.288	51.4576	680760	1.275306	14.065	3.965	4.197	1363507
frame0009.ply	48.2948	52.3218	51.5285	674944	1.225357	13.055	3.027	4.159	1370263
frame0010.ply	48.2623	52.1786	51.3439	644640	1.149874	13.775	3.631	4.188	1370766
frame0011.ply	48.3569	52.368	51.5766	642640	1.122665	7.708	2.585	1.982	1370623
frame0012.ply	48.2902	52.3785	51.6078	666472	1.196667	9.869	3.262	2.079	1350376
frame0013.ply	48.1278	52.0149	51.204	685696	1.193237	10.232	2.764	3.952	1372336
frame0014.ply	48.1168	51.9801	51.1039	688768	1.231536	14.597	4.25	4.062	1371663
frame0015.ply	48.1926	52.1062	51.1236	679864	1.227029	13.186	4.279	3.952	1359395
frame0016.ply	48.1831	52.1994	51.2197	690536	1.258597	11.853	2.562	3.099	1350660
frame0017.ply	48.1858	52.2374	51.2717	681632	1.399359	14.573	4.699	4.372	1349550
frame0018.ply	48.0825	52.138	51.229	737088	1.346954	14.597	4.207	3.884	1348818
frame0019.ply	48.1343	52.1708	51.2926	745504	1.339845	11.841	4.32	3.345	1373324
frame0020.ply	48.127	52.1913	51.2281	741600	1.322943	14.513	4.037	3.735	1334702
frame0021.ply	48.063	51.9937	51.0221	754752	1.29519	14.702	4.329	4.006	1358782
frame0022.ply	47.9717	51.9502	51.0078	738504	1.921974	14.589	4.308	4.009	1350788
frame0023.ply	48.0741	52.1148	51.2215	725776	1.337468	10.064	2.467	1.961	1339374
frame0024.ply	47.9644	51.9787	51.0322	742264	1.882578	7.921	2.579	2.064	1366468
frame0025.ply	47.9856	51.9314	50.9925	722248	1.881246	13.483	3.408	4.005	1356038
frame0026.ply	48.0635	52.0949	51.2281	709720	1.360951	14.101	4.403	4.37	1334468
frame0027.ply	47.9612	51.9712	51.0703	744104	1.390791	14.731	4.382	4.069	1364492
frame0028.ply	48.0832	52.0431	51.1956	718552	1.377759	12.796	2.734	3.994	1342577
frame0029.ply	48.0269	51.9757	51.1244	706416	1.366698	13.152	3.01	4.031	1328394
frame0030.ply	48.0528	52.0903	51.1867	717672	1.388358	14.296	4.163	4.043	1337345
frame0031.ply	47.9696	51.9727	51.1022	722216	1.421905	11.336	2.55	2.862	1318377
frame0032.ply	47.987	52.0759	51.1781	724320	1.391956	14.422	4.328	4.049	1345477
frame0033.ply	47.9926	52.015	51.0766	715304	1.380873	14.557	4.356	4.092	1356166
frame0034.ply	48.0799	52.0746	51.2118	703760	1.392326	13.133	4.339	4.046	1344389
frame0035.ply	48.0665	52.0664	51.172	731896	1.446282	8.557	2.647	2.092	1345954
frame0036.ply	48.0588	52.0436	51.147	698768	1.35829	14.475	4.341	4.055	1346000
frame0037.ply	48.1425	52.1334	51.2324	668408	1.323383	14.242	4.326	4.023	1306970
frame0038.ply	48.1941	52.1676	51.2761	658184	1.269551	14.352	4.304	3.991	1318282
frame0039.ply	48.1141	52.2038	51.2668	678600	1.290896	13.812	3.897	3.909	1317888
frame0040.ply	48.2547	52.3074	51.3804	669688	1.292841	12.488	3.18	3.407	1311164
frame0041.ply	48.2849	52.2781	51.3408	633296	1.195676	14.333	4.317	3.999	1316488
frame0042.ply	48.5609	52.3982	51.5512	499168	0.940496	7.322	2.536	2.035	1254419
frame0043.ply	48.7965	52.6879	51.8986	486128	0.905915	13.031	4.197	3.911	1223686
frame0044.ply	48.7389	52.5817	51.7516	477520	0.914405	12.904	4.42	3.883	1220755
frame0045.ply	48.7433	52.7015	51.9172	484216	1.010338	12.723	4.355	4.131	1202345
frame0046.ply	48.955	52.8453	52.0429	473168	0.900524	12.863	4.415	4.02	1212124
frame0047.ply	49.0091	52.9098	52.099	463776	1.039882	10.391	4.232	3.939	1152696
frame0048.ply	48.9946	52.9351	52.149	453400	1.040121	11.449	3.448	3.673	1137424
frame0049.ply	49.016	52.8759	52.0921	420456	0.382542	6.204	2.839	2.235	1099110
frame0050.ply	49.0261	53.0064	52.3046	441136	0.405763	11.503	4.76	4.389	1087177
frame0051.ply	48.8625	52.6638	51.922	445896	0.801844	9.857	1.505	1.407	1110050
frame0052.ply	48.8249	52.6097	51.8105	448688	0.809385	11.708	2.482	2.277	1102339
frame0053.ply	48.9242	52.7453	51.9967	449088	0.808142	11.79	2.508	2.242	1107674
frame0054.ply	48.8391	52.8147	52.1317	459336	0.427049	11.422	4.72	4.335	1075606
frame0055.ply	48.715	52.5968	51.7999	456112	0.420641	7.226	2.805	2.248	1084325
frame0056.ply	48.7357	52.7446	52.0166	491888	0.456813	11.273	4.642	4.282	1076782
frame0057.ply	48.7201	52.5732	51.7748	461080	0.435664	11.227	4.619	4.269	1058338
frame0058.ply	48.784	52.66	51.9453	465112	0.430755	10.931	4.208	4.364	1079759
frame0059.ply	48.8286	52.7307	52.0417	445256	0.418358	9.995	3.397	4.204	1064293
frame0060.ply	48.7481	52.5952	51.8434	456312	0.422663	11.451	4.734	4.353	1079612
frame0061.ply	48.7734	52.6325	51.9705	438632	0.414677	11.318	4.644	4.275	1057769
frame0062.ply	48.8586	52.7946	52.1036	432408	0.406123	11.262	4.6	4.269	1064722
frame0063.ply	48.86	52.7744	52.0855	436936	0.415302	11.136	4.564	4.22	1052093
frame0064.ply	48.9338	52.938	52.2516	440096	0.40995	11.402	4.685	4.31	1073535
frame0065.ply	48.9365	52.9551	52.2266	448872	0.416569	9.844	3.19	4.335	1077545
frame0066.ply	48.9506	52.8517	52.1204	437008	0.401216	6.164	2.795	2.253	1089208
frame0067.ply	48.983	52.913	52.1528	434728	0.398568	10.864	4.176	4.248	1090724
frame0068.ply	48.9876	52.8932	52.1691	438360	0.398988	10.474	3.565	4.424	1098680
frame0069.ply	48.9482	52.746	52.0677	423384	0.390116	6.134	2.775	2.244	1085276
frame0070.ply	49.0506	53.0766	52.4263	432160	0.397429	11.515	4.737	4.358	1087388
frame0071.ply	49.0379	52.874	52.172	405528	0.376064	11.419	4.592	4.322	1078349
frame0072.ply	49.0506	52.989	52.2956	413216	0.382928	11.56	4.706	4.335	1079097
frame0073.ply	49.0705	52.9731	52.3095	415160	0.382634	11.592	4.722	4.349	1085005
frame0074.ply	49.0613	52.8744	52.2034	423520	0.76449	11.776	2.393	2.216	1103985
frame0075.ply	48.9689	52.894	52.2683	439000	0.399293	11.692	4.74	4.395	1099444
frame0076.ply	48.9995	52.922	52.2361	434256	0.779691	11.958	2.493	2.296	1104819
frame0077.ply	48.9873	52.909	52.2555	438896	0.794787	11.805	2.414	2.202	1103358
frame0078.ply	48.9698	52.8636	52.2237	432848	0.394313	6.291	2.817	2.271	1097726
frame0079.ply	48.8633	52.8391	52.1305	444120	0.404532	9.482	2.834	4.252	1097861
frame0080.ply	48.8722	52.843	52.2044	449464	0.808166	11.717	2.274	2.225	1109117
frame0081.ply	48.9623	52.9475	52.2574	445264	0.799201	11.867	2.438	2.228	1112254
frame0082.ply	48.8439	52.7345	52.0139	452560	0.817634	11.961	2.423	2.229	1106606
frame0083.ply	48.9133	52.8687	52.1762	439520	0.401284	6.27	2.812	2.269	1095285
frame0084.ply	48.9858	53.097	52.3901	429096	0.395592	10.675	3.935	4.331	1084692
frame0085.ply	48.9761	52.9504	52.2606	426456	0.388428	6.177	2.817	2.251	1097901
frame0086.ply	49.0783	53.0469	52.4547	414768	0.386466	11.381	4.657	4.31	1073234
frame0087.ply	49.0128	52.9384	52.2569	417616	0.387909	6.9	2.953	2.218	1076582
frame0088.ply	48.9188	52.788	52.1215	416256	0.386894	11.461	4.719	4.332	1075891
frame0089.ply	48.8948	52.7883	52.08	424040	0.391181	11.398	4.596	4.357	1084000
frame0090.ply	48.974	52.8216	52.1407	410992	0.382167	9.26	2.774	4.23	1075424
frame0091.ply	48.9653	52.8778	52.2424	432056	0.397732	11.287	4.477	4.372	1086299
frame0092.ply	49.0362	53.0337	52.3564	426680	0.396016	9.904	4.426	4.308	1077432
frame0093.ply	48.9765	52.9385	52.2647	425552	0.393108	9.442	2.917	4.241	1082531
frame0094.ply	49.025	53.0466	52.4556	419304	0.393624	11.253	4.587	4.267	1065239
frame0095.ply	48.9647	52.7967	52.1458	407400	0.380231	10.778	4.203	4.301	1071453
frame0096.ply	49.0294	52.9992	52.3011	408576	0.379988	11.458	4.732	4.33	1075233
frame0097.ply	48.9859	52.9377	52.3032	413312	0.38402	11.309	4.651	4.297	1076278
frame0098.ply	49.1157	53.1175	52.5348	407040	0.380601	11.328	4.657	4.278	1069466
frame0099.ply	49.0196	52.9738	52.3298	411232	0.37824	10.623	3.998	4.175	1087225
frame0100.ply	49.0341	52.9657	52.3424	419888	0.390948	11.412	4.672	4.323	1074025
frame0101.ply	48.9584	52.8258	52.1653	420400	0.384677	11.609	4.761	4.389	1092864
frame0102.ply	48.9544	52.7851	52.1221	421384	0.390228	10.492	4.686	3.381	1079840
frame0103.ply	49.0474	53.0361	52.4208	438216	0.400118	11.616	4.765	4.383	1095217
frame0104.ply	48.9981	52.9371	52.2924	425192	0.390102	11.589	4.744	4.383	1089950
frame0105.ply	48.9163	52.9141	52.2545	420792	0.388797	11.634	4.775	4.364	1082292
frame0106.ply	48.9157	52.7888	52.0753	414808	0.385444	10.505	3.813	4.343	1076182
frame0107.ply	48.9827	53.0007	52.3702	425640	0.397342	8.952	2.77	3.91	1071217
frame0108.ply	48.9752	52.8968	52.2478	420160	0.393248	7.229	3.808	2.209	1068435
frame0109.ply	48.9983	52.9518	52.3086	413344	0.386228	11.361	4.663	4.289	1070207
frame0110.ply	48.8879	52.771	52.112	415208	0.388505	11.332	4.623	4.288	1068733
frame0111.ply	48.9556	52.9113	52.2726	417312	0.391149	11.351	4.655	4.29	1066887
frame0112.ply	48.9022	52.8228	52.1629	425984	0.402952	5.982	2.714	2.182	1057158
frame0113.ply	48.858	52.7239	52.0718	426608	0.396505	6.153	2.755	2.237	1075922
frame0114.ply	48.8572	52.7912	52.1246	425752	0.405198	10.264	3.726	4.156	1050727
frame0115.ply	48.8756	52.8227	52.1863	421240	0.399543	6.004	2.704	2.183	1054305
frame0116.ply	48.7948	52.7561	52.1292	431608	0.408855	9.12	2.736	4.108	1055651
frame0117.ply	48.8998	52.8238	52.1693	422256	0.40244	11.143	4.538	4.202	1049239
frame0118.ply	48.822	52.7324	52.0855	438768	0.416705	11.19	4.553	4.235	1052946
frame0119.ply	48.9013	52.7852	52.1182	445160	0.413761	10.536	3.857	4.32	1075886
frame0120.ply	48.8723	52.8871	52.2455	452152	0.419656	10.526	3.855	4.314	1077435
frame0121.ply	48.818	52.7418	52.1163	456320	0.418544	10.788	3.943	4.336	1090256
frame0122.ply	48.8106	52.6749	51.9935	441376	0.404429	11.459	4.568	4.396	1091357
frame0123.ply	48.8362	52.9206	52.286	449336	0.413929	11.363	4.614	4.338	1085538
frame0124.ply	48.8596	52.9003	52.3083	451096	0.416647	11.093	4.412	4.313	1082681
frame0125.ply	48.7885	52.6008	51.955	439728	0.407356	11.458	4.696	4.339	1079468
frame0126.ply	48.8828	52.8153	52.2389	439416	0.414411	11.18	4.548	4.204	1060339
frame0127.ply	48.7824	52.6135	51.9839	426648	0.40179	7.147	3.677	2.207	1061868
frame0128.ply	49.076	52.896	52.3015	394240	0.378578	10.913	4.393	4.179	1041371
frame0129.ply	49.1145	53.0334	52.4238	421416	0.393773	9.874	3.208	4.277	1070200
frame0130.ply	49.228	52.9958	52.3861	407424	0.376415	11.4	4.628	4.295	1082379
frame0131.ply	48.8523	52.5859	51.8593	487248	1.095597	7.319	2.192	1.75	1117742
frame0132.ply	48.84	52.5988	51.8695	493632	1.108368	12.249	3.79	3.532	1150712
frame0133.ply	47.795	51.8087	50.9704	704824	1.073398	13.55	3.697	3.355	1255325
frame0134.ply	47.7171	51.8164	50.9229	778992	1.188837	13.442	3.105	3.319	1296583
frame0135.ply	47.5657	51.5177	50.5446	813616	1.182724	14.064	4.533	4.165	1315035
frame0136.ply	47.4508	51.4412	50.3916	847848	1.270731	13.838	3.816	3.617	1300473
frame0137.ply	47.451	51.5634	50.4975	914856	1.438427	14.408	3.491	3.261	1341297
frame0138.ply	47.461	51.5069	50.4058	964008	1.491318	13.409	2.344	3.471	1393613
frame0139.ply	47.4854	51.4616	50.3516	927920	1.434306	10.538	3.12	1.75	1387162
frame0140.ply	47.6211	51.5947	50.5051	795832	1.169866	13.809	3.461	3.435	1307576
frame0141.ply	47.4542	51.4911	50.4911	867832	1.315874	8.159	2.265	1.784	1315031
frame0142.ply	47.5731	51.6608	50.6533	846768	1.303922	13.503	3.829	3.038	1300441
frame0143.ply	47.5938	51.6147	50.5696	856704	1.349311	14.394	3.407	3.154	1335661
frame0144.ply	47.5877	51.4739	50.3691	910992	1.417518	10.79	3.404	3.103	1355034
frame0145.ply	47.539	51.4852	50.4605	935616	1.463223	11.902	3.553	1.891	1363118
frame0146.ply	47.5183	51.6367	50.581	933904	1.448808	13.609	3.61	3.349	1372029
frame0147.ply	47.5842	51.7557	50.7242	909920	1.329098	14.713	3.074	2.851	1370887
frame0148.ply	47.6574	51.6347	50.5859	882856	1.387946	13.577	2.757	3.386	1356616
frame0149.ply	47.8377	51.8505	50.8208	798784	1.237864	14.214	3.575	3.534	1360463
frame0150.ply	48.0395	51.9003	51.0434	720112	1.170408	12.205	2.677	3.572	1287012
frame0151.ply	48.126	51.9915	51.1746	667344	1.150793	13.218	3.804	3.555	1235515
frame0152.ply	48.9659	52.737	51.9679	463696	1.046648	11.368	3.118	3.495	1140860
frame0153.ply	49.2117	53.1372	52.5227	423352	0.387405	10.927	4.088	4.383	1092789
frame0154.ply	49.1594	52.9897	52.3024	407312	0.372771	10.248	3.507	4.409	1092660
frame0155.ply	49.107	52.9707	52.2524	418520	0.381666	11.431	4.794	4.363	1096562
frame0156.ply	49.0279	52.9322	52.2052	419216	0.395259	5.953	2.775	1.972	1060611
frame0157.ply	49.0804	52.9969	52.3682	412184	0.392981	6.816	2.774	2.051	1048866
frame0158.ply	49.0319	52.8165	52.113	400616	0.376372	9.628	3.314	4.036	1064414
frame0159.ply	49.1407	53.0225	52.3257	394080	0.370486	11.171	4.678	4.222	1063685
frame0160.ply	49.1154	53.0034	52.3194	390512	0.370356	11.243	4.714	4.216	1054422
frame0161.ply	49.0974	52.917	52.2239	385272	0.362667	11.329	4.762	4.262	1062329
frame0162.ply	49.1462	53.0187	52.3025	391064	0.370032	11.123	4.655	4.208	1056839
frame0163.ply	49.1074	52.8754	52.2331	389152	0.36547	10.599	4.183	4.252	1064800
frame0164.ply	49.0861	52.8878	52.2168	388536	0.36477	10.607	4.138	4.197	1065154
frame0165.ply	49.1123	52.9053	52.2371	395720	0.370221	11.196	4.693	4.264	1068874
frame0166.ply	49.1155	52.9802	52.3069	413760	0.384276	10.647	4.04	4.273	1076725
frame0167.ply	49.1975	53.1465	52.5174	411152	0.380012	11.3	4.766	4.307	1081945
frame0168.ply	49.0996	53.0121	52.3327	415824	0.382787	8.255	3.904	3.217	1086307
frame0169.ply	49.0993	52.9689	52.3464	409976	0.381583	11.414	4.656	4.312	1074408
frame0170.ply	49.125	53.0249	52.371	402656	0.37335	11.352	4.588	4.308	1078494
frame0171.ply	49.006	52.8543	52.1375	413288	0.380848	9.433	2.828	4.243	1085178
frame0172.ply	49.0192	52.8624	52.1805	416192	0.379459	6.242	2.811	2.266	1096804
frame0173.ply	49.169	53.1382	52.4733	420840	0.386561	11.607	4.742	4.36	1088676
frame0174.ply	49.0396	52.9805	52.3135	421184	0.386277	11.599	4.725	4.36	1090368
frame0175.ply	49.0284	52.9644	52.2601	423648	0.387626	10.613	3.943	4.245	1092930
frame0176.ply	49.0134	52.9915	52.3225	425936	0.390459	11.509	4.613	4.383	1090860
frame0177.ply	49.021	52.9212	52.2305	436696	0.401146	10.839	4.002	4.349	1088622
frame0178.ply	48.944	52.8677	52.2505	437448	0.40272	11.23	4.467	4.369	1086233
frame0179.ply	48.9929	52.8043	52.1078	419680	0.747274	6.477	1.504	1.2	1105007
frame0180.ply	49.0356	52.9662	52.3249	417584	0.38171	11.671	4.767	4.392	1093982
frame0181.ply	48.971	52.8788	52.1949	423576	0.75343	11.694	2.542	2.332	1102075
frame0182.ply	48.9951	52.8757	52.2343	430744	0.768818	11.68	2.408	2.282	1106381
frame0183.ply	48.9452	52.7701	52.0532	424992	0.759437	11.213	2.413	2.317	1101244
frame0184.ply	48.9735	52.8208	52.1275	416064	0.381582	10.613	4.682	4.401	1090366
frame0185.ply	49.0258	52.8947	52.2429	426840	0.765797	11.654	2.319	2.26	1103703
frame0186.ply	49.0182	52.9534	52.2953	416568	0.379582	10.631	3.804	4.408	1097440
frame0187.ply	49.0078	52.9641	52.3144	409576	0.376682	11.472	4.671	4.336	1087325
frame0188.ply	49.0376	53.0781	52.4211	428240	0.393969	11.22	4.516	4.317	1086988
frame0189.ply	49.0453	52.9781	52.2952	418496	0.388153	8.753	2.78	3.611	1078173
frame0190.ply	49.0598	53.045	52.4139	426720	0.398534	9.668	4.497	2.712	1070725
frame0191.ply	49.0187	52.9486	52.2806	417160	0.387494	7.026	3.516	2.221	1076559
frame0192.ply	49.0653	53.0228	52.3461	415592	0.383246	10.97	4.226	4.358	1084400
frame0193.ply	48.9979	52.8909	52.1666	414536	0.382176	8.026	3.686	2.629	1084673
frame0194.ply	49.008	52.855	52.1496	409104	0.377686	10.921	4.07	4.355	1083185
frame0195.ply	49.0284	53.1061	52.461	425432	0.392664	11.532	4.683	4.337	1083451
frame0196.ply	48.967	52.9136	52.27	431984	0.399122	11.433	4.617	4.345	1082335
frame0197.ply	48.9392	52.774	52.1192	422208	0.391081	6.063	2.725	2.204	1079593
frame0198.ply	49.0068	53.0687	52.3826	426800	0.392721	11.463	4.719	4.278	1086776
frame0199.ply	48.9915	52.9247	52.2661	422136	0.388457	6.112	2.747	2.211	1086700
frame0200.ply	48.8972	52.8526	52.1601	435184	0.398766	6.12	2.756	2.217	1091326
frame0201.ply	48.896	52.8707	52.1732	440720	0.403622	11.366	4.645	4.247	1091912
frame0202.ply	48.9027	52.9151	52.1537	436176	0.400784	11.497	4.742	4.315	1088306
frame0203.ply	49.0256	53.0522	52.3416	434616	0.400272	6.084	2.739	2.202	1085803
frame0204.ply	48.9721	52.9187	52.1938	437736	0.401357	9.194	2.74	4.133	1090640
frame0205.ply	48.9664	52.8866	52.1826	430616	0.395788	6.128	2.743	2.21	1087997
frame0206.ply	49.0691	53.0915	52.4161	433096	0.398001	6.093	2.742	2.195	1088177
