frame0000.ply	33.4022	41.0504	40.3751	9952	0.01698598	6.667	1355867
frame0001.ply	33.31	40.8243	40.2729	10272	0.01762143	13.809	1345170
frame0002.ply	33.5757	40.9785	40.321	9904	0.01670193	15.238	1357068
frame0003.ply	33.6132	41.0276	40.3391	9880	0.01633819	15.082	1364251
frame0004.ply	33.5948	40.9822	40.3057	9896	0.01642752	14.839	1371270
frame0005.ply	33.3434	40.7852	39.9487	10416	0.01740612	15.672	1385105
frame0006.ply	33.3874	41.0802	40.3315	10104	0.01746891	15.306	1357187
frame0007.ply	33.3973	40.9358	40.2182	10208	0.0171613	15.575	1382194
frame0008.ply	33.4241	40.8349	40.1339	10120	0.0173272	15.377	1363507
frame0009.ply	33.5148	40.949	40.1687	10096	0.0166772	15.534	1370263
frame0010.ply	33.7441	41.1945	40.5753	9592	0.0157817	15.452	1370766
frame0011.ply	33.6973	41.1986	40.4783	9992	0.01667962	13.853	1370623
frame0012.ply	33.4605	41.1118	40.6815	9768	0.01651853	15.251	1350376
frame0013.ply	33.2655	41.1096	40.3113	10048	0.01660194	12.895	1372336
frame0014.ply	33.3107	41.0523	40.13	10200	0.01703681	15.479	1371663
frame0015.ply	33.5139	41.033	39.7153	9920	0.0167378	16.177	1359395
frame0016.ply	33.5641	41.1518	40.0092	9792	0.01648186	16.127	1350660
frame0017.ply	33.5222	40.939	39.8743	10064	0.0178616	15.903	1349550
frame0018.ply	32.9875	40.415	39.4977	10800	0.01869631	16.131	1348818
frame0019.ply	33.1469	40.5392	39.4497	11024	0.01869007	14.945	1373324
frame0020.ply	33.0015	40.5342	39.361	10784	0.01847718	15.887	1334702
frame0021.ply	32.8414	40.4628	39.2051	11280	0.0184942	16.229	1358782
frame0022.ply	32.9172	40.6184	39.5046	11032	0.02731457	15.8	1350788
frame0023.ply	32.9606	40.652	39.6892	10856	0.01933613	15.756	1339374
frame0024.ply	33.0022	40.6871	39.6335	11232	0.02680011	13.885	1366468
frame0025.ply	33.1396	40.6889	39.7047	10680	0.02651107	14.528	1356038
frame0026.ply	33.1564	40.7506	39.9413	10224	0.01865048	15.837	1334468
frame0027.ply	33.0051	40.5716	39.7636	10368	0.01793912	15.997	1364492
frame0028.ply	33.1435	40.5358	39.9171	10128	0.01817743	16.037	1342577
frame0029.ply	33.1085	40.7131	40.0026	10176	0.0184927	15.877	1328394
frame0030.ply	33.1543	40.7271	39.6423	10064	0.01816518	12.573	1337345
frame0031.ply	32.9208	40.6978	39.7821	10104	0.01847161	15.8	1318377
frame0032.ply	33.1546	40.6556	39.7228	10232	0.01865	16.138	1345477
frame0033.ply	33.253	40.5304	39.8786	10208	0.01828975	16.149	1356166
frame0034.ply	33.247	40.8722	40.103	9784	0.01762896	16.893	1344389
frame0035.ply	32.9959	40.5209	39.8296	10048	0.01812383	14.621	1345954
frame0036.ply	33.259	40.9651	39.9659	9920	0.01768889	16.183	1346000
frame0037.ply	33.2767	40.8838	39.7582	9744	0.0179604	14.153	1306970
frame0038.ply	33.5013	40.9344	40.1183	9568	0.01716826	15.768	1318282
frame0039.ply	33.3356	40.78	39.8171	9944	0.01797201	15.741	1317888
frame0040.ply	33.3647	40.9673	39.7626	9760	0.01742683	15.865	1311164
frame0041.ply	33.551	41.1465	40.0387	9240	0.01594734	15.623	1316488
frame0042.ply	34.314	41.5378	40.8547	7904	0.01357489	14.956	1254419
frame0043.ply	34.5377	41.6571	41.2101	7904	0.01420827	12.411	1223686
frame0044.ply	34.3535	41.4727	40.9509	8112	0.01447828	14.566	1220755
frame0045.ply	34.3808	41.3095	41.1481	7920	0.01452068	14.276	1202345
frame0046.ply	34.4274	41.4524	41.146	7760	0.01402254	14.221	1212124
frame0047.ply	34.2744	41.346	40.9741	7944	0.01784147	13.61	1152696
frame0048.ply	34.3221	41.4073	40.9882	7984	0.01792383	13.657	1137424
frame0049.ply	34.334	41.1765	41.4911	7544	0.00686374	12.953	1099110
frame0050.ply	34.3377	41.4517	41.2542	7544	0.00693907	12.111	1087177
frame0051.ply	34.1366	41.2177	41.1491	8136	0.01463458	13.008	1110050
frame0052.ply	34.137	41.0361	41.0059	8224	0.01485247	12	1102339
frame0053.ply	34.2515	41.1819	41.0248	8144	0.01466563	13.116	1107674
frame0054.ply	34.0554	41.1878	41.0967	7960	0.00740048	12.636	1075606
frame0055.ply	33.9653	40.9198	40.9788	8224	0.00758444	12.19	1084325
frame0056.ply	33.5317	40.5981	40.5437	8792	0.00816507	12.591	1076782
frame0057.ply	33.8179	40.6113	40.3761	8656	0.00817886	12.461	1058338
frame0058.ply	33.9229	40.6146	40.665	8488	0.00786101	12.703	1079759
frame0059.ply	34.0206	40.9387	40.7615	8224	0.0077272	12.593	1064293
frame0060.ply	33.9117	40.8905	40.7891	8288	0.00767683	12.765	1079612
frame0061.ply	34.0403	41.0538	41.066	7960	0.00752527	10.376	1057769
frame0062.ply	34.2896	40.9592	40.9748	8048	0.00755878	12.627	1064722
frame0063.ply	34.0775	41.0182	40.817	8048	0.00764951	12.253	1052093
frame0064.ply	34.1547	41.2434	41.0213	7776	0.00724336	12.657	1073535
frame0065.ply	34.1357	41.1527	41.1215	7872	0.0073055	12.711	1077545
frame0066.ply	34.2526	41.0076	41.2014	7912	0.00726399	12.685	1089208
frame0067.ply	34.2558	41.3994	41.1352	8152	0.00747393	13.403	1090724
frame0068.ply	34.2675	41.3423	41.3833	7776	0.00707758	11.601	1098680
frame0069.ply	34.1571	41.2346	41.0936	7984	0.00735665	11.333	1085276
frame0070.ply	34.3176	41.247	41.3956	7504	0.00690094	12.873	1087388
frame0071.ply	34.4962	41.2658	41.6383	7552	0.0070033	11.56	1078349
frame0072.ply	34.3259	41.5928	41.5101	7264	0.00673155	11.679	1079097
frame0073.ply	34.4271	41.4363	41.349	7456	0.00687186	11.686	1085005
frame0074.ply	34.21	41.2724	41.6575	7504	0.01354519	11.995	1103985
frame0075.ply	34.1931	41.5381	41.5144	7312	0.00665063	11.547	1099444
frame0076.ply	34.3117	41.3655	41.5673	7384	0.01327063	12.036	1104819
frame0077.ply	34.2021	41.3578	41.5969	7624	0.01380628	11.95	1103358
frame0078.ply	34.3537	41.1939	41.5036	7616	0.00693798	10.39	1097726
frame0079.ply	34.241	41.1966	41.2505	7576	0.00690069	10.278	1097861
frame0080.ply	34.2913	41.3742	41.4289	7824	0.01406636	12.582	1109117
frame0081.ply	34.1479	41.3575	41.4618	8008	0.01437566	12.043	1112254
frame0082.ply	34.1057	41.1642	40.9352	8120	0.01467023	11.882	1106606
frame0083.ply	34.1202	41.17	41.0893	7728	0.0070557	11.863	1095285
frame0084.ply	34.2476	41.5095	41.1664	7568	0.0069771	10.567	1084692
frame0085.ply	34.3795	41.534	41.3344	7696	0.00700974	11.873	1097901
frame0086.ply	34.4595	41.4453	41.3592	7528	0.00701431	11.667	1073234
frame0087.ply	34.3618	41.3261	41.3051	7664	0.00711883	11.73	1076582
frame0088.ply	34.211	41.2203	41.3372	7776	0.0072275	11.689	1075891
frame0089.ply	34.3347	41.1481	41.2211	7880	0.00726937	11.787	1084000
frame0090.ply	34.3088	41.2834	41.1673	7824	0.00727527	11.689	1075424
frame0091.ply	34.2767	41.1796	41.2389	7872	0.00724662	11.861	1086299
frame0092.ply	34.1746	41.3086	41.3958	7600	0.00705381	11.703	1077432
frame0093.ply	34.1758	41.2821	41.5972	7872	0.00727185	11.77	1082531
frame0094.ply	34.2235	41.3604	41.3659	7840	0.00735985	11.494	1065239
frame0095.ply	34.3954	41.4117	41.6986	7768	0.00724997	11.672	1071453
frame0096.ply	34.2731	41.3647	41.7579	7632	0.007098	11.756	1075233
frame0097.ply	34.4293	41.605	41.7903	7480	0.00694988	9.186	1076278
frame0098.ply	34.4082	41.4908	41.7356	7440	0.00695674	10.42	1069466
frame0099.ply	34.4634	41.3443	41.8072	7616	0.00700499	9.835	1087225
frame0100.ply	34.2619	41.5594	41.6056	7536	0.0070166	11.638	1074025
frame0101.ply	34.3536	41.5577	41.6973	7600	0.0069542	11.873	1092864
frame0102.ply	34.2502	41.3293	41.598	7616	0.0070529	11.676	1079840
frame0103.ply	34.2262	41.3335	41.5865	7712	0.00704153	11.849	1095217
frame0104.ply	34.331	41.3653	41.4721	7648	0.00701684	11.467	1089950
frame0105.ply	34.3942	41.2899	41.5919	7720	0.00713301	11.732	1082292
frame0106.ply	34.316	41.3212	41.6379	7832	0.00727758	11.692	1076182
frame0107.ply	34.2961	41.2597	41.6122	7632	0.00712461	10.728	1071217
frame0108.ply	34.3442	41.4422	41.4338	7832	0.00733035	11.181	1068435
frame0109.ply	34.3719	41.4432	41.488	7680	0.00717618	10.804	1070207
frame0110.ply	34.2427	41.2405	41.5275	7712	0.00721602	11.576	1068733
frame0111.ply	34.258	41.1756	41.3575	7568	0.00709353	11.754	1066887
frame0112.ply	34.0395	41.2288	41.387	7760	0.00734044	11.429	1057158
frame0113.ply	34.1253	40.8781	41.1963	8144	0.00756932	11.748	1075922
frame0114.ply	34.0857	41.2029	41.2998	7736	0.00736252	11.445	1050727
frame0115.ply	34.1586	41.0531	41.2824	7768	0.00736789	11.447	1054305
frame0116.ply	34.1059	41.2491	41.1697	7712	0.00730544	11.593	1055651
frame0117.ply	34.1037	41.2277	41.0524	7800	0.00743396	10.623	1049239
frame0118.ply	34.0357	41.0372	41.0458	7792	0.00740019	9.215	1052946
frame0119.ply	34.0366	41.0809	41.0887	7904	0.0073465	11.673	1075886
frame0120.ply	34.0545	41.1446	40.8841	7720	0.00716517	11.651	1077435
frame0121.ply	34.0747	41.3114	41.2375	7680	0.00704422	10.71	1090256
frame0122.ply	34.1556	41.1165	41.0935	7896	0.00723503	11.809	1091357
frame0123.ply	34.1006	40.8992	40.7781	8208	0.00756123	11.68	1085538
frame0124.ply	34.0073	40.9694	41.1839	8096	0.00747773	11.754	1082681
frame0125.ply	33.9821	41.13	41.2063	7952	0.00736659	11.751	1079468
frame0126.ply	34.1058	41.1321	41.4148	8008	0.0075523	11.654	1060339
frame0127.ply	33.9689	41.3239	41.2355	7792	0.00733801	12.222	1061868
frame0128.ply	34.3518	41.2832	41.2867	7608	0.00730575	11.831	1041371
frame0129.ply	34.1969	41.2319	41.39	7592	0.007094	12.209	1070200
frame0130.ply	34.2788	41.0875	41.2647	7592	0.00701418	12.427	1082379
frame0131.ply	33.7418	40.868	40.8874	8512	0.0185459	11.758	1117742
frame0132.ply	33.8275	41.0547	40.7332	8616	0.01926551	13.336	1150712
frame0133.ply	32.5782	40.5038	39.5796	10512	0.01615272	14.682	1255325
frame0134.ply	32.282	40.4601	39.5486	11624	0.01798901	12.211	1296583
frame0135.ply	32.419	40.5036	39.2768	11776	0.01664345	15.348	1315035
frame0136.ply	32.0914	39.8724	38.7274	12296	0.0183855	15.356	1300473
frame0137.ply	32.0755	39.911	38.7083	12680	0.01996053	15.789	1341297
frame0138.ply	31.9896	39.7475	38.4299	13472	0.02089395	16.288	1393613
frame0139.ply	32.2017	39.9537	38.4804	13040	0.02017807	16.315	1387162
frame0140.ply	32.5306	40.4157	38.9044	11808	0.0174425	15.358	1307576
frame0141.ply	32.0711	39.9193	38.5563	12664	0.01906276	14.228	1315031
frame0142.ply	32.0863	39.8065	38.6495	12848	0.01981695	15.455	1300441
frame0143.ply	32.1859	40.1043	38.9171	12440	0.01958669	16.013	1335661
frame0144.ply	31.8609	39.9233	38.3471	13352	0.02078164	14.689	1355034
frame0145.ply	31.9439	39.7788	38.2405	13248	0.02055021	16.094	1363118
frame0146.ply	32.0357	39.9336	38.5813	12688	0.01977078	16.228	1372029
frame0147.ply	32.0424	40.0553	38.558	13496	0.01972657	16.379	1370887
frame0148.ply	32.0135	40.147	38.8224	12560	0.02000584	16.417	1356616
frame0149.ply	32.5097	40.2195	39.0141	12232	0.01925874	13.545	1360463
frame0150.ply	32.6344	40.33	39.7286	10952	0.01842897	15.225	1287012
frame0151.ply	32.995	40.4671	39.979	9936	0.01742755	14.703	1235515
frame0152.ply	34.1392	40.9884	40.8308	8024	0.01726834	13.273	1140860
frame0153.ply	34.3784	41.3093	41.3292	7280	0.00666185	12.977	1092789
frame0154.ply	34.4328	41.4868	41.3853	7288	0.00666996	13.582	1092660
frame0155.ply	34.4065	41.1846	41.338	7336	0.00669	12.848	1096562
frame0156.ply	34.2912	41.3932	41.1142	7264	0.00684888	12.468	1060611
frame0157.ply	34.242	41.2933	41.4391	7248	0.00691032	12.387	1048866
frame0158.ply	34.3179	41.1748	41.5735	7448	0.00699728	12.533	1064414
frame0159.ply	34.4853	41.3444	41.7331	7296	0.00685917	12.586	1063685
frame0160.ply	34.4624	41.3117	41.6763	7456	0.00707117	10.461	1054422
frame0161.ply	34.5122	41.2776	41.4811	7304	0.00687546	12.475	1062329
frame0162.ply	34.3772	41.3514	41.4182	7304	0.00691118	12.471	1056839
frame0163.ply	34.4348	41.4476	41.7671	7248	0.00680691	11.478	1064800
frame0164.ply	34.3338	41.0384	41.5399	7584	0.0071201	12.179	1065154
frame0165.ply	34.3346	41.4013	41.8546	7416	0.00693814	12.65	1068874
frame0166.ply	34.3525	41.3534	41.7013	7600	0.00705844	12.373	1076725
frame0167.ply	34.3864	41.2493	41.6672	7368	0.00680996	12.332	1081945
frame0168.ply	34.3802	41.3279	41.4777	7464	0.00687099	12.792	1086307
frame0169.ply	34.3656	41.4268	41.5663	7440	0.00692474	12.64	1074408
frame0170.ply	34.4221	41.287	41.6334	7360	0.00682433	12.684	1078494
frame0171.ply	34.2857	41.5118	41.5717	7616	0.0070182	12.755	1085178
frame0172.ply	34.3859	41.2769	41.6812	7680	0.00700216	12.853	1096804
frame0173.ply	34.3827	41.6344	41.5785	7512	0.00690012	13.013	1088676
frame0174.ply	34.2582	41.5247	41.5879	7464	0.0068454	12.983	1090368
frame0175.ply	34.4167	41.6703	41.3554	7728	0.0070709	12.326	1092930
frame0176.ply	34.3069	41.3222	41.5034	7680	0.00704032	12.811	1090860
frame0177.ply	34.2676	41.4512	41.4869	7640	0.00701805	11.481	1088622
frame0178.ply	34.1709	41.438	41.5643	7360	0.00677571	12.607	1086233
frame0179.ply	34.3725	41.2953	41.404	7792	0.01395309	13.111	1105007
frame0180.ply	34.4109	41.3502	41.5663	7328	0.00669846	12.855	1093982
frame0181.ply	34.3699	41.0784	41.4501	7736	0.01386503	13.117	1102075
frame0182.ply	34.4215	41.1862	41.2156	7808	0.0139995	10.035	1106381
frame0183.ply	34.4739	41.2285	41.3788	7976	0.01431587	12.966	1101244
frame0184.ply	34.276	41.1197	41.4532	7608	0.00697747	12.644	1090366
frame0185.ply	34.325	41.5661	41.4406	8048	0.01447226	13.116	1103703
frame0186.ply	34.5039	41.5638	41.6544	7472	0.00680857	12.826	1097440
frame0187.ply	34.3977	41.5005	41.497	7224	0.00664383	12.756	1087325
frame0188.ply	34.2817	41.3696	41.3072	7704	0.00708747	12.305	1086988
frame0189.ply	34.24	40.9584	41.236	7736	0.0071751	11.831	1078173
frame0190.ply	34.2075	41.43	41.4491	7528	0.00703075	12.591	1070725
frame0191.ply	34.3443	40.976	41.4836	7520	0.00698522	12.651	1076559
frame0192.ply	34.343	41.4685	41.7588	7584	0.00699373	12.638	1084400
frame0193.ply	34.2386	41.2722	41.6434	7432	0.00685183	11.479	1084673
frame0194.ply	34.3307	41.5548	41.9078	7192	0.00663968	12.745	1083185
frame0195.ply	34.2266	41.3659	41.6781	7568	0.00698509	12.838	1083451
frame0196.ply	34.2378	41.1648	41.5796	7376	0.0068149	10.709	1082335
frame0197.ply	34.2261	41.3726	41.6472	7536	0.00698041	7.59	1079593
frame0198.ply	34.3004	41.242	41.6708	7528	0.00692691	6.912	1086776
frame0199.ply	34.1808	41.3661	41.5821	7656	0.00704518	10.041	1086700
frame0200.ply	34.3088	41.2175	41.5416	7696	0.00705197	9.583	1091326
frame0201.ply	34.0894	41.3557	41.3703	7584	0.00694561	12.672	1091912
frame0202.ply	34.1029	41.1941	41.3982	7528	0.00691717	12.01	1088306
frame0203.ply	34.1521	41.3677	41.3308	7560	0.00696259	6.979	1085803
frame0204.ply	34.1253	41.2271	41.1577	7752	0.00710775	12.031	1090640
frame0205.ply	34.2084	41.4696	41.4459	7608	0.00699267	12.638	1087997
frame0206.ply	34.2984	41.5291	41.4407	7704	0.00707973	11.192	1088177
frame0000.ply	35.8329	42.9589	42.4889	17976	0.0312618	15.646	1355867
frame0001.ply	35.7121	42.8672	42.3717	18264	0.0317029	16.359	1345170
frame0002.ply	35.9408	42.9634	42.4732	17864	0.0306536	14.817	1357068
frame0003.ply	35.9557	43.0418	42.5781	17440	0.0295335	16.254	1364251
frame0004.ply	35.9494	43.2693	42.447	17720	0.0302155	16.316	1371270
frame0005.ply	35.7659	43.0092	42.046	19128	0.0326503	16.576	1385105
frame0006.ply	35.8534	43.0585	42.3695	18296	0.0323918	14.485	1357187
frame0007.ply	35.799	43.0632	42.2474	18584	0.0320844	15.922	1382194
frame0008.ply	35.9088	43.0979	42.3954	18176	0.0320338	16.191	1363507
frame0009.ply	35.8416	43.1125	42.3418	17936	0.0304182	16.24	1370263
frame0010.ply	36.0948	43.227	42.8346	17328	0.0291825	16.343	1370766
frame0011.ply	36.1371	43.2216	42.7017	17488	0.0292012	16.405	1370623
frame0012.ply	35.899	43.0515	42.6337	17704	0.0304193	16.384	1350376
frame0013.ply	35.8522	43.0537	42.3896	18400	0.0311697	13.967	1372336
frame0014.ply	35.7688	42.966	42.1636	18432	0.0313864	16.372	1371663
frame0015.ply	36.0149	42.8754	41.9155	17928	0.0307435	16.156	1359395
frame0016.ply	35.859	43.0185	42.0298	17656	0.0303555	16.089	1350660
frame0017.ply	35.8779	43.0475	42.1573	17960	0.0324972	16.025	1349550
frame0018.ply	35.4395	42.7083	41.7402	19688	0.0349092	16.113	1348818
frame0019.ply	35.5217	42.8475	41.9109	19416	0.0330476	16.362	1373324
frame0020.ply	35.2849	42.7438	41.6333	19536	0.0340805	13.765	1334702
frame0021.ply	35.2782	42.4226	41.4846	20568	0.0337398	14.615	1358782
frame0022.ply	35.4088	42.5957	41.7399	19848	0.0480139	16.61	1350788
frame0023.ply	35.4376	42.6906	41.787	19544	0.0352875	13.738	1339374
frame0024.ply	35.4222	42.6055	41.5992	20112	0.047422	16.265	1366468
frame0025.ply	35.5785	42.7867	41.9016	19080	0.0458519	16.229	1356038
frame0026.ply	35.6119	42.5798	41.9408	18872	0.0342133	15.88	1334468
frame0027.ply	35.4679	42.715	42.0388	19256	0.0339875	16.316	1364492
frame0028.ply	35.4896	42.5774	42.157	18920	0.0347577	16.09	1342577
frame0029.ply	35.4962	42.6892	41.9806	18352	0.0343024	15.896	1328394
frame0030.ply	35.5217	42.8043	42.0131	18680	0.0347109	15.52	1337345
frame0031.ply	35.4211	42.877	42.0253	18720	0.0351627	15.819	1318377
frame0032.ply	35.532	42.8737	41.9474	18776	0.0349038	15.569	1345477
frame0033.ply	35.676	42.9511	42.053	18472	0.0337303	16.934	1356166
frame0034.ply	35.6746	42.9033	42.0893	17944	0.0334591	16.172	1344389
frame0035.ply	35.445	42.7717	41.9102	18936	0.0349083	16.034	1345954
frame0036.ply	35.6905	42.8996	42.0109	18376	0.0335332	16.183	1346000
frame0037.ply	35.6891	42.9789	42.0283	17632	0.0336506	15.471	1306970
frame0038.ply	35.8527	43.0837	42.2103	17424	0.0320366	15.644	1318282
frame0039.ply	35.7951	42.8687	42.1293	17952	0.033037	15.966	1317888
frame0040.ply	35.8095	43.0678	42.1405	17496	0.0319396	15.706	1311164
frame0041.ply	35.9801	43.1253	42.4609	16888	0.029958	14.564	1316488
frame0042.ply	36.7989	43.718	43.39	13888	0.0241711	11.811	1254419
frame0043.ply	36.9697	43.6412	43.555	13648	0.0243218	14.487	1223686
frame0044.ply	36.9754	43.5888	43.3494	13904	0.0242567	14.387	1220755
frame0045.ply	36.8046	43.6389	43.3952	13776	0.0247991	13.851	1202345
frame0046.ply	36.9269	43.7017	43.4393	13568	0.0240076	14.36	1212124
frame0047.ply	36.7672	43.486	43.2166	13656	0.0304392	13.611	1152696
frame0048.ply	36.916	43.5099	43.1591	14152	0.031555	12.28	1137424
frame0049.ply	36.9321	43.6267	43.7399	13008	0.011835	9.718	1099110
frame0050.ply	36.7093	43.565	43.5145	12816	0.0117883	13.27	1087177
frame0051.ply	36.661	43.5207	43.477	14016	0.0252119	13.067	1110050
frame0052.ply	36.5968	43.454	43.2609	13880	0.0250543	12.949	1102339
frame0053.ply	36.6812	43.272	43.35	13832	0.0249034	12.98	1107674
frame0054.ply	36.6385	43.2231	43.3717	13680	0.0127184	12.601	1075606
frame0055.ply	36.6131	43.3747	43.2209	14120	0.0130219	12.743	1084325
frame0056.ply	36.1167	42.8779	42.7661	15176	0.0140938	12.775	1076782
frame0057.ply	36.3447	42.8632	43.0096	14608	0.0138028	12.477	1058338
frame0058.ply	36.491	43.032	43.0069	14272	0.0132178	12.716	1079759
frame0059.ply	36.6195	43.2269	43.3165	14000	0.0131543	12.681	1064293
frame0060.ply	36.5223	43.0974	43.107	14552	0.0134789	12.456	1079612
frame0061.ply	36.644	43.3288	43.4575	13856	0.0130993	11.186	1057769
frame0062.ply	36.7583	43.379	43.2545	13608	0.0127808	12.541	1064722
frame0063.ply	36.635	43.226	43.281	13680	0.0130027	12.364	1052093
frame0064.ply	36.7423	43.4478	43.1785	13600	0.0126684	12.613	1073535
frame0065.ply	36.6442	43.6142	43.6446	13376	0.0124134	12.624	1077545
frame0066.ply	36.7864	43.5279	43.3695	13520	0.0124127	9.699	1089208
frame0067.ply	36.7845	43.3569	43.3494	13688	0.0125495	12.804	1090724
frame0068.ply	36.909	43.4859	43.4132	13216	0.012029	12.861	1098680
frame0069.ply	36.7596	43.3708	43.39	13456	0.0123987	12.701	1085276
frame0070.ply	36.8549	43.4321	43.5454	13168	0.0121098	12.494	1087388
frame0071.ply	36.9353	43.5655	43.7382	12720	0.0117958	12.673	1078349
frame0072.ply	36.9282	43.6914	43.8767	12816	0.0118766	12.646	1079097
frame0073.ply	36.9353	43.5367	43.8589	12872	0.0118635	12.806	1085005
frame0074.ply	36.9221	43.3784	43.5438	13504	0.02437359	13.12	1103985
frame0075.ply	36.8714	43.6449	43.8821	12984	0.0118096	12.941	1099444
frame0076.ply	36.8514	43.5829	43.9923	13016	0.02337669	13.102	1104819
frame0077.ply	36.7286	43.3962	43.7512	13216	0.02393235	10.121	1103358
frame0078.ply	36.94	43.4167	43.7415	12920	0.0117698	12.857	1097726
frame0079.ply	36.7656	43.3687	43.6248	13152	0.0119797	12.845	1097861
frame0080.ply	36.7538	43.3198	43.5404	13664	0.02456938	13.197	1109117
frame0081.ply	36.7411	43.2956	43.4442	14032	0.02519001	13.195	1112254
frame0082.ply	36.7487	43.06	43.434	13984	0.02526478	11.783	1106606
frame0083.ply	36.8263	43.4436	43.3627	13512	0.0123365	12.909	1095285
frame0084.ply	36.8583	43.3342	43.7613	13280	0.0122431	12.711	1084692
frame0085.ply	36.8379	43.3364	43.7034	13176	0.0120011	12.897	1097901
frame0086.ply	37.0232	43.5208	43.6748	13024	0.0121353	13.051	1073234
frame0087.ply	36.9425	43.3808	43.5749	13280	0.0123353	12.798	1076582
frame0088.ply	36.8329	43.3553	43.5884	13472	0.0125217	12.694	1075891
frame0089.ply	36.7425	43.3944	43.5008	13360	0.0123247	12.854	1084000
frame0090.ply	36.8798	43.2116	43.5487	13584	0.0126313	9.648	1075424
frame0091.ply	36.8064	43.2819	43.5968	13472	0.0124017	12.695	1086299
frame0092.ply	36.7693	43.3183	43.5153	13504	0.0125335	12.674	1077432
frame0093.ply	36.8588	43.3375	43.6701	13624	0.0125853	12.736	1082531
frame0094.ply	36.8152	43.3683	43.7521	13384	0.0125643	12.507	1065239
frame0095.ply	36.8947	43.3077	43.5967	13136	0.01226	11.815	1071453
frame0096.ply	36.9721	43.4518	43.8683	13256	0.0123285	12.741	1075233
frame0097.ply	36.8994	43.5243	43.9299	12912	0.0119969	11.364	1076278
frame0098.ply	36.9097	43.4678	43.7384	12760	0.0119312	12.614	1069466
frame0099.ply	37.0521	43.4981	43.7644	13032	0.0119865	12.956	1087225
frame0100.ply	36.8283	43.4866	43.8117	12848	0.0119625	12.609	1074025
frame0101.ply	36.8966	43.5309	43.8398	12848	0.0117563	11.523	1092864
frame0102.ply	36.8346	43.5649	43.7469	13200	0.012224	12.856	1079840
frame0103.ply	36.7509	43.2883	43.7561	13496	0.0123227	12.506	1095217
frame0104.ply	36.8681	43.5681	43.8349	13304	0.0122061	12.65	1089950
frame0105.ply	36.9432	43.3877	43.8753	13192	0.0121889	12.519	1082292
frame0106.ply	36.8059	43.3708	43.6998	13160	0.0122284	12.643	1076182
frame0107.ply	36.8951	43.3218	43.6247	13032	0.0121656	9.419	1071217
frame0108.ply	36.7376	43.2372	43.6449	13184	0.0123395	12.527	1068435
frame0109.ply	36.8557	43.5051	43.7613	13144	0.0122817	12.556	1070207
frame0110.ply	36.8282	43.397	43.7034	13200	0.0123511	12.566	1068733
frame0111.ply	36.839	43.4559	43.7012	13072	0.0122525	12.556	1066887
frame0112.ply	36.7062	43.4533	43.6989	13288	0.0125695	12.484	1057158
frame0113.ply	36.8502	43.312	43.4707	13864	0.0128857	12.521	1075922
frame0114.ply	36.7632	43.3033	43.5513	13272	0.0126313	12.128	1050727
frame0115.ply	36.8067	43.5284	43.7192	13128	0.0124518	12.38	1054305
frame0116.ply	36.6149	43.1713	43.5274	13200	0.0125041	9.299	1055651
frame0117.ply	36.713	43.2587	43.5052	13280	0.0126568	12.343	1049239
frame0118.ply	36.5866	43.2243	43.3983	13632	0.0129465	12.373	1052946
frame0119.ply	36.6238	43.2504	43.4633	13864	0.0128861	12.632	1075886
frame0120.ply	36.6329	43.3115	43.3763	13560	0.0125854	11.348	1077435
frame0121.ply	36.6413	43.3161	43.5413	13680	0.0125475	12.738	1090256
frame0122.ply	36.7033	43.3473	43.5635	13608	0.0124689	13.377	1091357
frame0123.ply	36.6403	43.4437	43.6056	13640	0.0125652	12.697	1085538
frame0124.ply	36.5792	43.3	43.4937	13880	0.01282	12.757	1082681
frame0125.ply	36.6051	43.207	43.308	13672	0.0126655	12.587	1079468
frame0126.ply	36.7044	43.3397	43.3217	13648	0.0128714	12.473	1060339
frame0127.ply	36.6681	43.3254	43.5184	13600	0.0128076	12.307	1061868
frame0128.ply	36.9492	43.283	43.4679	13128	0.0126065	12.055	1041371
frame0129.ply	36.8367	43.3653	43.5131	13160	0.0122968	10.126	1070200
frame0130.ply	36.9004	43.3067	43.694	13184	0.0121806	11.436	1082379
frame0131.ply	36.264	42.9505	42.845	14800	0.0323013	13.108	1117742
frame0132.ply	36.3474	43.2926	42.8887	15032	0.03337958	13.549	1150712
frame0133.ply	35.1723	42.3142	41.6966	19952	0.03059	14.811	1255325
frame0134.ply	34.8822	42.2354	41.6356	21840	0.0340061	15.375	1296583
frame0135.ply	34.806	42.3383	41.386	21400	0.0298212	15.652	1315035
frame0136.ply	34.5578	41.8697	40.967	22968	0.034612	15.443	1300473
frame0137.ply	34.4037	41.7875	40.7422	23536	0.0370272	15.833	1341297
frame0138.ply	34.3777	41.8746	40.4684	24728	0.0386204	15.233	1393613
frame0139.ply	34.5197	41.9367	40.8155	23904	0.0371186	15.673	1387162
frame0140.ply	35.0579	42.1666	41.0938	21216	0.031444	15.501	1307576
frame0141.ply	34.4594	41.8824	40.819	23224	0.035336	14.126	1315031
frame0142.ply	34.5468	41.8366	40.9133	23672	0.0368767	15.447	1300441
frame0143.ply	34.6142	42.0312	41.0061	23232	0.0367383	16	1335661
frame0144.ply	34.3498	41.7988	40.7094	25000	0.039091	16.274	1355034
frame0145.ply	34.3796	41.8111	40.4268	24848	0.0388335	16.137	1363118
frame0146.ply	34.533	41.9816	40.7097	24152	0.0375821	13.311	1372029
frame0147.ply	34.5758	42.0078	40.8225	24752	0.0362035	16.274	1370887
frame0148.ply	34.4991	42.0762	40.9622	23280	0.0370118	15.429	1356616
frame0149.ply	35.0051	42.4683	41.3851	22440	0.0352004	16.178	1360463
frame0150.ply	35.103	42.4096	41.9284	20312	0.0338052	15.485	1287012
frame0151.ply	35.3714	42.5818	42.2762	18048	0.0316947	14.455	1235515
frame0152.ply	36.5607	43.1393	43.195	14208	0.03055053	13.277	1140860
frame0153.ply	36.8672	43.4515	43.6464	12728	0.0116473	12.715	1092789
frame0154.ply	36.9458	43.598	43.5872	12736	0.011656	12.707	1092660
frame0155.ply	36.9231	43.6146	43.6025	12728	0.0116072	12.849	1096562
frame0156.ply	37.0359	43.5724	43.4136	12800	0.0120685	12.495	1060611
frame0157.ply	36.8271	43.5254	43.5303	12640	0.0120511	12.334	1048866
frame0158.ply	36.935	43.3808	43.7183	12696	0.0119277	12.545	1064414
frame0159.ply	37.0628	43.5843	43.8813	12624	0.0118682	12.36	1063685
frame0160.ply	37.1361	43.4768	43.9072	12568	0.0119193	9.2	1054422
frame0161.ply	37.1232	43.5998	43.9913	12736	0.0119888	12.483	1062329
frame0162.ply	37.126	43.5014	43.7842	12528	0.0118542	12.507	1056839
frame0163.ply	37.0441	43.6021	43.7151	12576	0.0118107	12.585	1064800
frame0164.ply	37.1146	43.3501	43.672	12904	0.0121147	12.906	1065154
frame0165.ply	36.99	43.3905	43.6742	12896	0.012065	12.631	1068874
frame0166.ply	36.9276	43.2769	43.7101	12952	0.0120291	12.72	1076725
frame0167.ply	37.0881	43.5012	43.8171	12792	0.0118232	11.406	1081945
frame0168.ply	36.9704	43.4564	43.8256	13000	0.0119672	12.726	1086307
frame0169.ply	36.9601	43.4484	43.8863	12744	0.0118614	11.33	1074408
frame0170.ply	37.0565	43.4426	43.7796	12808	0.0118758	12.518	1078494
frame0171.ply	37.002	43.4766	43.6718	13224	0.012186	12.722	1085178
frame0172.ply	36.9602	43.6656	43.6943	13072	0.0119183	12.885	1096804
frame0173.ply	36.9048	43.5138	43.8907	12944	0.0118897	12.617	1088676
frame0174.ply	36.8187	43.5776	43.9317	12704	0.0116511	12.817	1090368
frame0175.ply	36.8795	43.5209	43.6595	12896	0.0117995	12.82	1092930
frame0176.ply	36.8009	43.4689	43.7605	12976	0.0118952	12.836	1090860
frame0177.ply	36.7524	43.4333	43.7518	13096	0.0120299	12.805	1088622
frame0178.ply	36.7157	43.5331	43.6181	12992	0.0119606	12.78	1086233
frame0179.ply	36.8845	43.7433	43.7945	13440	0.02400291	12.873	1105007
frame0180.ply	36.9265	43.7911	43.8347	12728	0.0116346	12.882	1093982
frame0181.ply	36.861	43.4355	43.3062	13360	0.02386639	12.927	1102075
frame0182.ply	36.9371	43.4375	43.7507	13216	0.02365182	10.127	1106381
frame0183.ply	36.8886	43.452	43.6009	13288	0.02382297	12.948	1101244
frame0184.ply	36.848	43.3766	43.627	13224	0.012128	13.034	1090366
frame0185.ply	36.865	43.4215	43.8701	13616	0.02446396	12.163	1103703
frame0186.ply	36.9809	43.812	43.8227	13040	0.0118822	10.371	1097440
frame0187.ply	36.9901	43.742	43.8295	13056	0.0120074	11.498	1087325
frame0188.ply	36.9153	43.4178	43.7213	13296	0.012232	12.753	1086988
frame0189.ply	36.7772	43.3536	43.4954	13264	0.0123023	12.621	1078173
frame0190.ply	36.7325	43.4947	43.6755	13104	0.0122384	12.567	1070725
frame0191.ply	36.922	43.5394	43.7096	13040	0.0121127	12.487	1076559
frame0192.ply	36.9174	43.5965	43.8828	12920	0.0119144	12.87	1084400
frame0193.ply	36.9146	43.4349	43.6898	12944	0.0119336	12.672	1084673
frame0194.ply	36.9459	43.4565	43.815	12624	0.0116545	12.789	1083185
frame0195.ply	36.8567	43.4999	43.7822	13008	0.0120061	12.786	1083451
frame0196.ply	36.7955	43.59	43.7758	13272	0.0122624	12.609	1082335
frame0197.ply	36.7961	43.3816	43.6004	12824	0.0118786	12.431	1079593
frame0198.ply	36.8547	43.6893	43.5598	13072	0.0120282	10.327	1086776
frame0199.ply	36.8556	43.5457	43.5313	13048	0.012007	11.159	1086700
frame0200.ply	36.8373	43.5047	43.674	13048	0.0119561	7.292	1091326
frame0201.ply	36.7361	43.5712	43.7068	13288	0.0121695	12.589	1091912
frame0202.ply	36.7203	43.5336	43.5965	13352	0.0122686	7.07	1088306
frame0203.ply	36.7527	43.3811	43.6782	13248	0.0122011	12.801	1085803
frame0204.ply	36.7418	43.3228	43.5157	13528	0.0124037	6.913	1090640
frame0205.ply	36.837	43.3639	43.66	13328	0.01225	9.975	1087997
frame0206.ply	36.6753	43.6118	43.6873	13320	0.0122407	11.057	1088177
frame0000.ply	38.7606	45.3563	44.6317	37096	0.0662117	13.997	1355867
frame0001.ply	38.5407	45.2257	44.6265	36944	0.0653898	16.025	1345170
frame0002.ply	38.8263	45.3474	44.8639	36216	0.0635494	16.19	1357068
frame0003.ply	38.9191	45.553	44.8158	36048	0.0622341	16.25	1364251
frame0004.ply	38.8068	45.359	44.7289	36600	0.064309	16.909	1371270
frame0005.ply	38.7297	45.2326	44.3107	38816	0.0680648	16.655	1385105
frame0006.ply	38.7838	45.37	44.5445	37480	0.0677631	11.996	1357187
frame0007.ply	38.7739	45.2872	44.3823	38296	0.0675081	16.395	1382194
frame0008.ply	38.8481	45.2867	44.6273	37328	0.0671267	16.17	1363507
frame0009.ply	38.8905	45.3514	44.5909	37192	0.0643205	14.739	1370263
frame0010.ply	38.9598	45.5232	44.8404	34752	0.0588936	16.29	1370766
frame0011.ply	39.0953	45.5392	44.9262	35376	0.0593579	16.545	1370623
frame0012.ply	38.871	45.3592	44.9151	36048	0.0627703	15.978	1350376
frame0013.ply	38.6807	45.1658	44.6266	37336	0.0639351	15.442	1372336
frame0014.ply	38.6887	45.1238	44.4504	38120	0.0664922	16.299	1371663
frame0015.ply	38.7494	45.227	44.1254	36600	0.0644367	16.158	1359395
frame0016.ply	38.7566	45.3475	44.3154	36608	0.0647641	16.236	1350660
frame0017.ply	38.7632	45.3105	44.4266	36392	0.0693164	14.431	1349550
frame0018.ply	38.3763	45.0955	44.0696	40888	0.0741587	16.098	1348818
frame0019.ply	38.3811	45.0382	44.0476	40320	0.0698539	16.382	1373324
frame0020.ply	38.2491	45.0338	43.953	41184	0.0736423	15.994	1334702
frame0021.ply	38.2779	44.8956	43.904	42920	0.0701968	14.689	1358782
frame0022.ply	38.395	44.8206	43.9676	40936	0.0980461	14.469	1350788
frame0023.ply	38.4686	45.0434	44.0798	40520	0.0745339	16.058	1339374
frame0024.ply	38.3482	44.93	43.9574	41584	0.0973006	14.924	1366468
frame0025.ply	38.4853	45.039	44.0809	39840	0.0965037	16.064	1356038
frame0026.ply	38.4771	45.0211	44.1852	39040	0.0721655	15.985	1334468
frame0027.ply	38.3495	44.9914	44.1843	40136	0.0731879	16.667	1364492
frame0028.ply	38.4139	45.0567	44.3594	38840	0.0733347	16.112	1342577
frame0029.ply	38.4563	45.0726	44.3745	38376	0.0732806	15.829	1328394
frame0030.ply	38.4034	45.1927	44.3293	38192	0.0728595	15.937	1337345
frame0031.ply	38.3615	45.0528	44.2662	39272	0.075944	15.772	1318377
frame0032.ply	38.4214	45.0842	44.231	38712	0.0739745	16.178	1345477
frame0033.ply	38.4651	45.1454	44.3967	38024	0.0717927	16.277	1356166
frame0034.ply	38.585	45.1873	44.3987	37480	0.0720916	16.024	1344389
frame0035.ply	38.3755	44.9835	44.2964	39368	0.0759954	16.069	1345954
frame0036.ply	38.5138	45.1772	44.3278	38096	0.0720432	14.486	1346000
frame0037.ply	38.5978	45.3174	44.3294	36864	0.0721657	15.733	1306970
frame0038.ply	38.7489	45.3725	44.6345	35440	0.0667111	15.799	1318282
frame0039.ply	38.6388	45.3583	44.3838	36536	0.0684427	15.703	1317888
frame0040.ply	38.7118	45.2674	44.2895	35632	0.0665524	13.434	1311164
frame0041.ply	38.943	45.5121	44.6977	34344	0.0625281	15.679	1316488
frame0042.ply	39.7489	45.8733	45.3485	27408	0.0483314	13.379	1254419
frame0043.ply	39.8398	45.9563	45.6638	26544	0.0468555	14.292	1223686
frame0044.ply	39.856	45.9469	45.6067	26872	0.0469335	13.873	1220755
frame0045.ply	39.7977	45.9848	45.804	26656	0.0488824	14.005	1202345
frame0046.ply	39.8838	46.031	45.8133	26608	0.047007	14.693	1212124
frame0047.ply	39.7869	45.8431	45.5507	26880	0.0585461	12.248	1152696
frame0048.ply	39.7428	45.8999	45.7931	26848	0.0600858	10.06	1137424
frame0049.ply	39.8089	46.0623	45.9937	24984	0.0227311	12.749	1099110
frame0050.ply	39.6291	46.0403	45.987	25384	0.0233485	12.512	1087177
frame0051.ply	39.6443	45.7793	45.708	26928	0.048432	13.011	1110050
frame0052.ply	39.5718	45.7003	45.6374	27032	0.0488011	12.836	1102339
frame0053.ply	39.636	45.8372	45.712	26536	0.0477707	13.009	1107674
frame0054.ply	39.538	45.7103	45.7469	26440	0.0245815	12.479	1075606
frame0055.ply	39.4772	45.6572	45.6823	26936	0.0248413	12.222	1084325
frame0056.ply	39.1955	45.4063	45.3514	29824	0.0276973	12.502	1076782
frame0057.ply	39.2896	45.5945	45.5078	28128	0.0265775	10.773	1058338
frame0058.ply	39.4573	45.5844	45.4822	27616	0.0255761	11.597	1079759
frame0059.ply	39.6346	45.7707	45.7294	26696	0.0250833	11.548	1064293
frame0060.ply	39.4538	45.7651	45.6464	27864	0.0258093	11.831	1079612
frame0061.ply	39.5086	45.6737	45.7714	26176	0.0247464	11.557	1057769
frame0062.ply	39.7126	45.7313	45.77	25792	0.0242242	10.368	1064722
frame0063.ply	39.6777	45.7156	45.68	26280	0.0249788	11.365	1052093
frame0064.ply	39.7488	45.8106	45.6845	26240	0.0244426	11.662	1073535
frame0065.ply	39.6165	45.8692	45.7893	25728	0.0238765	8.866	1077545
frame0066.ply	39.7514	45.8278	45.5479	25856	0.0237383	11.911	1089208
frame0067.ply	39.7564	45.8766	45.7719	26144	0.0239694	11.744	1090724
frame0068.ply	39.7092	45.8893	45.715	25512	0.0232206	12.192	1098680
frame0069.ply	39.7671	45.8375	45.8412	25912	0.023876	11.766	1085276
frame0070.ply	39.6957	45.9708	46.0895	25224	0.0231969	11.728	1087388
frame0071.ply	39.9039	46.0818	46.1905	24488	0.0227088	11.489	1078349
frame0072.ply	39.8965	46.0707	46.1392	24600	0.0227968	11.624	1079097
frame0073.ply	39.8902	45.9866	46.0441	24416	0.0225031	11.789	1085005
frame0074.ply	39.8865	45.8099	45.9627	25800	0.0465665	12.118	1103985
frame0075.ply	39.7361	45.9933	46.1498	25144	0.0228697	11.849	1099444
frame0076.ply	39.831	45.9122	45.8249	25432	0.0456774	11.985	1104819
frame0077.ply	39.8155	45.894	45.9685	26384	0.0477809	9.482	1103358
frame0078.ply	39.8364	45.969	45.9564	24936	0.0227161	11.904	1097726
frame0079.ply	39.697	45.8794	45.8792	25712	0.0234201	11.898	1097861
frame0080.ply	39.6739	45.8179	45.8219	26488	0.0476388	12.018	1109117
frame0081.ply	39.7642	45.8338	45.8496	27080	0.0486125	10.932	1112254
frame0082.ply	39.6725	45.7414	45.7497	27032	0.048839	12.015	1106606
frame0083.ply	39.7323	45.86	45.8001	26328	0.0240376	11.478	1095285
frame0084.ply	39.8549	46.0274	46.1582	25536	0.0235422	11.805	1084692
frame0085.ply	39.9075	46.0416	46.0088	25280	0.0230258	12.357	1097901
frame0086.ply	39.9943	45.9983	46.2027	24736	0.0230481	11.589	1073234
frame0087.ply	39.8948	45.9439	46.0269	25224	0.0234297	8.823	1076582
frame0088.ply	39.7905	45.8118	46.0967	25560	0.0237571	11.671	1075891
frame0089.ply	39.7445	45.8282	45.9186	25720	0.0237269	11.734	1084000
frame0090.ply	39.8575	45.8678	46.0115	25432	0.0236483	11.601	1075424
frame0091.ply	39.8082	45.8656	46.0659	25640	0.0236031	11.75	1086299
frame0092.ply	39.775	46.0347	46.0431	25624	0.0237825	11.671	1077432
frame0093.ply	39.8043	45.8735	46.0133	25912	0.0239365	11.803	1082531
frame0094.ply	39.8388	45.9623	46.1737	25552	0.0239871	10.337	1065239
frame0095.ply	39.9358	45.9362	46.1456	24864	0.0232059	11.642	1071453
frame0096.ply	39.9008	45.9653	46.0938	24648	0.0229234	11.671	1075233
frame0097.ply	39.9007	46.0195	46.3011	24640	0.0228937	11.589	1076278
frame0098.ply	39.9295	46.1056	46.2619	24376	0.0227927	11.636	1069466
frame0099.ply	39.9038	46.0128	46.2712	24384	0.0224277	10.402	1087225
frame0100.ply	39.8043	46.0593	46.2538	24816	0.0231056	11.631	1074025
frame0101.ply	39.8053	46.0566	46.2441	24992	0.0228684	11.788	1092864
frame0102.ply	39.7857	45.9303	46.0398	25600	0.0237072	11.632	1079840
frame0103.ply	39.7981	45.898	46.1203	25880	0.02363	11.795	1095217
frame0104.ply	39.8216	46.0157	46.151	25344	0.0232524	11.767	1089950
frame0105.ply	39.8066	45.9128	46.1837	24760	0.0228774	11.663	1082292
frame0106.ply	39.8144	45.8439	45.9895	25040	0.0232674	10.499	1076182
frame0107.ply	39.8062	45.8842	46.0561	24880	0.0232259	9.4	1071217
frame0108.ply	39.772	45.7074	45.9949	25184	0.0235709	12.049	1068435
frame0109.ply	39.8715	45.8843	46.0963	25032	0.0233899	11.543	1070207
frame0110.ply	39.8316	45.8962	46.089	25032	0.0234221	11.576	1068733
frame0111.ply	39.8358	45.9255	46.0545	24776	0.0232227	11.362	1066887
frame0112.ply	39.6873	45.8657	45.9576	25176	0.0238148	11.498	1057158
frame0113.ply	39.7164	45.7452	45.9225	25488	0.0236894	12.556	1075922
frame0114.ply	39.6976	45.8112	46.0526	25280	0.0240595	11.227	1050727
frame0115.ply	39.6484	45.7038	45.8523	24912	0.0236288	12.33	1054305
frame0116.ply	39.6019	45.7112	45.9735	25584	0.0242353	10.304	1055651
frame0117.ply	39.7057	45.6737	45.8813	25184	0.0240022	12.321	1049239
frame0118.ply	39.4415	45.7752	45.8018	25944	0.0246394	11.1	1052946
frame0119.ply	39.5497	45.8221	45.8697	26544	0.0246718	12.64	1075886
frame0120.ply	39.5799	45.7297	45.8126	26584	0.0246734	12.513	1077435
frame0121.ply	39.484	45.7665	45.8911	26496	0.0243025	12.784	1090256
frame0122.ply	39.5956	45.7749	45.8188	26496	0.024278	12.818	1091357
frame0123.ply	39.5374	45.7147	45.8035	26552	0.0244598	12.82	1085538
frame0124.ply	39.5604	45.6764	45.837	26800	0.0247534	12.775	1082681
frame0125.ply	39.5705	45.6031	45.8998	26392	0.0244491	12.684	1079468
frame0126.ply	39.6233	45.6193	45.7364	26128	0.0246412	12.511	1060339
frame0127.ply	39.6109	45.6525	45.7647	25896	0.0243872	12.318	1061868
frame0128.ply	40.0056	45.9524	45.9687	24392	0.023423	12.089	1041371
frame0129.ply	39.7709	45.8519	45.9533	24800	0.0231732	11.284	1070200
frame0130.ply	39.9553	45.9251	46.0334	25008	0.0231047	12.515	1082379
frame0131.ply	39.2443	45.3252	45.4161	29616	0.0638416	13.044	1117742
frame0132.ply	39.344	45.475	45.3874	29608	0.0655513	13.282	1150712
frame0133.ply	38.2083	44.8531	44.1048	40728	0.0627737	10.985	1255325
frame0134.ply	37.8279	44.5346	43.8154	45088	0.0705985	15.318	1296583
frame0135.ply	37.7262	44.5381	43.6273	44528	0.062341	15.545	1315035
frame0136.ply	37.4917	44.3202	43.4671	48376	0.073611	15.715	1300473
frame0137.ply	37.3752	44.1875	43.1835	51000	0.0799613	15.82	1341297
frame0138.ply	37.3214	44.2158	42.9392	53032	0.0826106	16.465	1393613
frame0139.ply	37.4621	44.2535	43.1637	50944	0.079296	16.477	1387162
frame0140.ply	37.9157	44.5556	43.4342	43440	0.0642005	15.564	1307576
frame0141.ply	37.4484	44.2986	43.3734	48888	0.0746751	14.627	1315031
frame0142.ply	37.5668	44.4282	43.5616	48824	0.0766891	15.045	1300441
frame0143.ply	37.6367	44.4391	43.2909	48528	0.0765831	16.04	1335661
frame0144.ply	37.4133	44.134	42.8427	52888	0.0825525	16.129	1355034
frame0145.ply	37.3809	44.0285	42.8131	52848	0.0825784	16.896	1363118
frame0146.ply	37.4165	44.2489	43.1728	51600	0.0803519	12.398	1372029
frame0147.ply	37.4643	44.3434	43.1996	52088	0.0762082	16.343	1370887
frame0148.ply	37.4663	44.378	43.3441	50008	0.0790774	15.619	1356616
frame0149.ply	38.0553	44.7012	43.7815	46696	0.0729329	16.359	1360463
frame0150.ply	38.1091	44.7074	44.2272	42744	0.0697424	14.64	1287012
frame0151.ply	38.2786	45.0563	44.5272	37624	0.0650848	14.665	1235515
frame0152.ply	39.6158	45.8077	45.5256	28112	0.0604815	13.198	1140860
frame0153.ply	39.8439	45.9163	45.999	25016	0.0228919	12.651	1092789
frame0154.ply	40.0105	45.971	45.9494	24472	0.0223967	12.734	1092660
frame0155.ply	39.9363	45.9382	46.0148	24576	0.0224119	11.555	1096562
frame0156.ply	39.7637	45.8712	45.8229	24528	0.0231263	12.53	1060611
frame0157.ply	39.8311	45.849	45.9362	24576	0.023431	12.35	1048866
frame0158.ply	39.9908	45.9521	46.1637	24472	0.0229911	12.9	1064414
frame0159.ply	40.0293	45.98	46.1428	23880	0.0224503	12.633	1063685
frame0160.ply	40.1086	46.0955	46.2462	23824	0.0225944	12.452	1054422
frame0161.ply	40.1012	46.1084	46.2039	24088	0.0226747	12.576	1062329
frame0162.ply	40.1471	46.1263	46.2407	23744	0.022467	12.371	1056839
frame0163.ply	40.0061	46.0551	46.2194	23832	0.0223817	12.604	1064800
frame0164.ply	40.0904	46.0447	46.0651	24032	0.022562	12.451	1065154
frame0165.ply	39.9496	45.9762	46.1325	24328	0.0227604	12.519	1068874
frame0166.ply	39.9163	46.0067	46.0839	24912	0.0231368	9.985	1076725
frame0167.ply	40.0024	45.9811	46.3106	24240	0.0224041	12.67	1081945
frame0168.ply	39.9326	45.932	46.099	24912	0.0229327	12.75	1086307
frame0169.ply	39.9478	46.0099	46.1573	24248	0.0225687	12.592	1074408
frame0170.ply	40.0289	46.0239	46.3042	24480	0.0226983	13.051	1078494
frame0171.ply	39.854	45.869	46.1026	25088	0.0231188	12.776	1085178
frame0172.ply	39.9123	45.9303	46.0908	25440	0.0231947	12.887	1096804
frame0173.ply	39.9043	46.0512	46.1885	25256	0.0231988	9.505	1088676
frame0174.ply	39.7559	46.0158	46.1164	25192	0.0231041	12.717	1090368
frame0175.ply	39.8827	45.9927	45.9824	25488	0.0233208	11.521	1092930
frame0176.ply	39.7243	45.8711	46.0695	25328	0.0232184	12.697	1090860
frame0177.ply	39.6059	45.9608	46.1094	25600	0.023516	12.111	1088622
frame0178.ply	39.6539	45.92	46.105	25648	0.0236119	12.655	1086233
frame0179.ply	39.8396	45.9411	46.1368	25568	0.0456335	12.808	1105007
frame0180.ply	39.8734	46.2009	46.1589	24480	0.022377	12.743	1093982
frame0181.ply	39.8129	45.9849	45.9149	25640	0.0457007	12.947	1102075
frame0182.ply	39.8444	45.9211	46.0445	25336	0.0452945	13.084	1106381
frame0183.ply	39.8514	45.9348	45.9567	25496	0.0456512	12.884	1101244
frame0184.ply	39.8723	45.9883	46.1715	25384	0.0232803	11.493	1090366
frame0185.ply	39.8553	45.8744	46.13	25880	0.0464657	12.935	1103703
frame0186.ply	39.8901	46.0496	46.1123	24968	0.0227511	12.899	1097440
frame0187.ply	39.9545	46.0684	46.1909	24992	0.0229848	12.789	1087325
frame0188.ply	39.7527	45.8678	46.0151	25512	0.0234704	12.778	1086988
frame0189.ply	39.7714	45.9099	46.068	25648	0.0237884	12.563	1078173
frame0190.ply	39.7799	45.9813	46.0284	25672	0.0239763	12.571	1070725
frame0191.ply	39.8114	46.0595	46.1695	24624	0.0228729	12.695	1076559
frame0192.ply	39.9106	46.0198	46.2993	24840	0.0229067	12.658	1084400
frame0193.ply	39.8005	45.9714	46.2039	25104	0.0231443	12.739	1084673
frame0194.ply	39.8616	46.1188	46.2515	24592	0.0227034	12.807	1083185
frame0195.ply	39.8049	46.0167	46.1928	25120	0.0231852	12.698	1083451
frame0196.ply	39.7384	45.9506	46.0492	25680	0.0237265	9.871	1082335
frame0197.ply	39.7339	45.8646	46.0607	25008	0.0231643	12.435	1079593
frame0198.ply	39.8471	45.9515	46.0781	25344	0.0233204	6.834	1086776
frame0199.ply	39.8596	45.9658	46.1818	25384	0.0233588	12.467	1086700
frame0200.ply	39.7544	45.9379	46.0501	25248	0.0231352	12.631	1091326
frame0201.ply	39.6537	45.9159	46.0338	25624	0.0234671	12.204	1091912
frame0202.ply	39.6759	45.9578	46.021	25696	0.023611	12.628	1088306
frame0203.ply	39.723	45.8308	45.8799	25464	0.0234518	6.896	1085803
frame0204.ply	39.6266	45.9045	46.0189	25936	0.0237805	6.957	1090640
frame0205.ply	39.7895	45.8092	45.9699	25552	0.0234854	12.532	1087997
frame0206.ply	39.7003	46.0212	46.0663	25736	0.0236506	10.687	1088177
frame0000.ply	41.5728	47.3506	46.604	74896	0.1353019	14.259	1355867
frame0001.ply	41.429	47.2076	46.5623	76080	0.1366595	16.136	1345170
frame0002.ply	41.6842	47.3445	46.7908	72736	0.1280579	16.194	1357068
frame0003.ply	41.7253	47.4588	46.8032	73688	0.1289262	15.65	1364251
frame0004.ply	41.5825	47.3255	46.5593	73896	0.1319358	16.433	1371270
frame0005.ply	41.4699	47.1822	46.2039	79000	0.140176	12.363	1385105
frame0006.ply	41.6131	47.2853	46.4519	75632	0.1389072	16.132	1357187
frame0007.ply	41.5409	47.2141	46.3559	77200	0.1395501	16.373	1382194
frame0008.ply	41.6725	47.2633	46.4762	75224	0.1368189	16.192	1363507
frame0009.ply	41.6495	47.3402	46.5662	75096	0.1321251	16.706	1370263
frame0010.ply	41.7781	47.3876	46.7263	71360	0.1228875	16.408	1370766
frame0011.ply	41.8206	47.4082	46.8982	70600	0.1203011	14.698	1370623
frame0012.ply	41.6075	47.3777	46.8785	72960	0.1284581	16.062	1350376
frame0013.ply	41.5178	47.1782	46.5396	76368	0.1314602	16.305	1372336
frame0014.ply	41.549	47.0756	46.3863	77824	0.1372562	15.987	1371663
frame0015.ply	41.5857	47.251	46.0616	75280	0.1343261	16.177	1359395
frame0016.ply	41.5481	47.2446	46.1562	75136	0.1348561	14.542	1350660
frame0017.ply	41.5576	47.2782	46.308	75096	0.1499075	16.021	1349550
frame0018.ply	41.2733	47.0701	46.0434	83304	0.1525488	16.244	1348818
frame0019.ply	41.2778	47.0853	46.0156	83696	0.1479765	13.486	1373324
frame0020.ply	41.1907	47.0379	45.8951	84800	0.1534635	16.004	1334702
frame0021.ply	41.1953	46.9033	45.7913	86832	0.1427786	16.267	1358782
frame0022.ply	41.2057	46.9194	45.9802	83760	0.2049767	16.11	1350788
frame0023.ply	41.2912	46.9984	45.9575	82576	0.1532095	14.059	1339374
frame0024.ply	41.2091	46.9499	45.9559	85768	0.2024895	16.272	1366468
frame0025.ply	41.305	46.9762	46.0564	81392	0.1982232	15.924	1356038
frame0026.ply	41.2919	47.0152	46.179	80056	0.1487197	16.765	1334468
frame0027.ply	41.2249	46.9532	46.1099	83368	0.1541634	16.232	1364492
frame0028.ply	41.2919	46.9633	46.2466	80080	0.1537456	16.114	1342577
frame0029.ply	41.2926	46.9221	46.2192	79072	0.15287	14.645	1328394
frame0030.ply	41.2784	47.0044	46.2471	79432	0.1539588	15.991	1337345
frame0031.ply	41.2264	46.9761	46.2063	80160	0.1570804	16.013	1318377
frame0032.ply	41.2828	47.0089	46.148	80296	0.1550978	16.202	1345477
frame0033.ply	41.3305	47.1142	46.2252	78880	0.150966	16.235	1356166
frame0034.ply	41.3306	47.1027	46.2977	76944	0.1507291	16.186	1344389
frame0035.ply	41.2511	47.0123	46.1968	81512	0.1602459	16.209	1345954
frame0036.ply	41.3762	47.1021	46.2446	77552	0.1499197	16.109	1346000
frame0037.ply	41.4385	47.2026	46.2679	76112	0.1507056	15.616	1306970
frame0038.ply	41.5623	47.3198	46.4898	72120	0.1367794	14.178	1318282
frame0039.ply	41.4359	47.2343	46.263	74864	0.1428132	11.901	1317888
frame0040.ply	41.5093	47.3019	46.2421	73712	0.1409898	16.313	1311164
frame0041.ply	41.6762	47.4741	46.5798	69472	0.1300741	15.669	1316488
frame0042.ply	42.4299	47.83	47.2294	54584	0.0980945	14.965	1254419
frame0043.ply	42.5841	48.0126	47.467	52848	0.0932172	14.533	1223686
frame0044.ply	42.5303	47.9023	47.4904	52528	0.0924829	15.261	1220755
frame0045.ply	42.4606	47.9884	47.571	53304	0.1005738	14.187	1202345
frame0046.ply	42.6358	48.0482	47.5599	52432	0.0931434	14.321	1212124
frame0047.ply	42.6067	47.9853	47.466	52304	0.1145293	13.464	1152696
frame0048.ply	42.5587	47.9603	47.6176	53000	0.1178024	10.241	1137424
frame0049.ply	42.6941	48.0688	47.7868	49248	0.0448072	11.89	1099110
frame0050.ply	42.4772	48.0369	47.8005	50096	0.046079	12.776	1087177
frame0051.ply	42.4572	47.7934	47.5776	52432	0.0943024	12.999	1110050
frame0052.ply	42.421	47.757	47.4237	52640	0.0950278	12.959	1102339
frame0053.ply	42.4382	47.7993	47.5363	51848	0.0933201	12.364	1107674
frame0054.ply	42.2763	47.7992	47.4658	52456	0.0487688	12.72	1075606
frame0055.ply	42.2369	47.7351	47.4389	53024	0.0489005	12.707	1084325
frame0056.ply	41.9858	47.5904	47.2787	57976	0.0538419	12.61	1076782
frame0057.ply	42.1379	47.6101	47.3139	54800	0.0517793	11.19	1058338
frame0058.ply	42.235	47.7084	47.376	53848	0.0498704	13.087	1079759
frame0059.ply	42.3461	47.7792	47.5496	51560	0.0484453	12.606	1064293
frame0060.ply	42.2546	47.697	47.4542	54048	0.0500624	12.575	1079612
frame0061.ply	42.3401	47.8431	47.6753	51360	0.048555	12.54	1057769
frame0062.ply	42.4521	47.9379	47.6842	49416	0.0464121	12.473	1064722
frame0063.ply	42.4133	47.7827	47.6208	50824	0.0483075	12.36	1052093
frame0064.ply	42.494	47.9233	47.5678	50672	0.0472011	12.586	1073535
frame0065.ply	42.3974	47.8797	47.6557	51240	0.0475525	12.702	1077545
frame0066.ply	42.5707	47.8989	47.5039	50560	0.046419	9.136	1089208
frame0067.ply	42.5968	47.9597	47.7125	50880	0.0466479	12.785	1090724
frame0068.ply	42.5427	47.9316	47.6774	50064	0.0455674	12.912	1098680
frame0069.ply	42.5645	47.8894	47.7335	50512	0.046543	12.742	1085276
frame0070.ply	42.6002	48.0577	47.9441	50688	0.0466145	12.759	1087388
frame0071.ply	42.6927	48.0895	47.9168	47120	0.0436964	13.065	1078349
frame0072.ply	42.7221	48.0389	48.0117	47784	0.0442815	12.625	1079097
frame0073.ply	42.6982	48.1144	47.9761	48344	0.0445565	12.785	1085005
frame0074.ply	42.6964	47.954	47.8346	49720	0.0897703	9.493	1103985
frame0075.ply	42.5148	48.0172	47.9853	49552	0.0450701	12.79	1099444
frame0076.ply	42.5876	47.8952	47.8565	49680	0.0892785	12.369	1104819
frame0077.ply	42.5903	47.896	47.873	50688	0.0917943	11.79	1103358
frame0078.ply	42.5831	47.9825	47.8143	48456	0.0441422	12.902	1097726
frame0079.ply	42.4635	47.8763	47.7186	50544	0.0460386	12.974	1097861
frame0080.ply	42.4535	47.8615	47.8008	51976	0.0934996	13.147	1109117
frame0081.ply	42.587	47.9486	47.8032	52384	0.0940372	12.993	1112254
frame0082.ply	42.4155	47.7834	47.6076	52440	0.0947441	13.204	1106606
frame0083.ply	42.4771	47.9096	47.7532	50680	0.0462711	12.961	1095285
frame0084.ply	42.5411	48.1191	47.9658	48856	0.0450414	12.673	1084692
frame0085.ply	42.6476	48.0974	47.9033	49568	0.045148	12.932	1097901
frame0086.ply	42.6881	48.0572	48.0115	46816	0.0436214	12.837	1073234
frame0087.ply	42.6418	48.0285	47.9734	48696	0.045232	12.685	1076582
frame0088.ply	42.6048	47.8996	47.9247	49160	0.0456924	12.653	1075891
frame0089.ply	42.5401	47.9113	47.8336	50120	0.0462362	12.733	1084000
frame0090.ply	42.6662	47.9803	47.8586	48808	0.0453849	11.904	1075424
frame0091.ply	42.5347	47.8745	47.8926	49776	0.0458216	12.53	1086299
frame0092.ply	42.5998	48.0119	47.8818	49288	0.0457458	9.426	1077432
frame0093.ply	42.5796	47.9745	47.9591	49792	0.0459959	12.672	1082531
frame0094.ply	42.6279	47.9727	47.9517	48816	0.0458263	12.496	1065239
frame0095.ply	42.7197	47.9515	47.9571	47976	0.0447766	12.567	1071453
frame0096.ply	42.7396	47.949	48.0225	47408	0.0440909	11.313	1075233
frame0097.ply	42.6465	47.999	48.0608	47416	0.0440555	12.653	1076278
frame0098.ply	42.743	48.0327	48.0679	47272	0.0442015	12.553	1069466
frame0099.ply	42.7126	48.0863	48.0895	47280	0.0434869	13.417	1087225
frame0100.ply	42.6138	48.0578	48.1029	48304	0.0449747	12.364	1074025
frame0101.ply	42.6252	48.0538	48.0739	48104	0.0440165	11.669	1092864
frame0102.ply	42.5691	47.9304	47.8139	48672	0.0450733	12.749	1079840
frame0103.ply	42.497	48.0238	47.9108	49904	0.0455654	12.764	1095217
frame0104.ply	42.5916	48.0767	47.9543	49256	0.0451911	12.752	1089950
frame0105.ply	42.5406	48.019	47.9741	48384	0.0447051	12.769	1082292
frame0106.ply	42.5665	47.9275	47.8928	48544	0.0451076	12.343	1076182
frame0107.ply	42.56	47.9478	47.9102	48440	0.0452196	12.551	1071217
frame0108.ply	42.6499	47.9499	47.8877	48104	0.0450229	12.432	1068435
frame0109.ply	42.6564	47.9958	47.9635	47960	0.0448138	12.572	1070207
frame0110.ply	42.5348	47.9426	47.9436	48192	0.0450926	10.793	1068733
frame0111.ply	42.5951	47.9615	47.9485	47632	0.0446458	12.436	1066887
frame0112.ply	42.487	47.8683	47.8139	48944	0.0462977	9.981	1057158
frame0113.ply	42.4783	47.8625	47.8086	49512	0.0460182	13.248	1075922
frame0114.ply	42.4618	47.8755	47.8682	48744	0.0463907	12.407	1050727
frame0115.ply	42.4637	47.8753	47.8111	48848	0.0463319	12.425	1054305
frame0116.ply	42.3701	47.7547	47.7693	49288	0.0466897	12.253	1055651
frame0117.ply	42.4429	47.8735	47.8015	48272	0.0460067	12.265	1049239
frame0118.ply	42.3233	47.6722	47.7013	50952	0.0483899	12.341	1052946
frame0119.ply	42.4072	47.7774	47.7721	51808	0.0481538	12.608	1075886
frame0120.ply	42.3421	47.7974	47.7182	52304	0.0485449	12.577	1077435
frame0121.ply	42.3187	47.7513	47.6709	52352	0.0480181	11.524	1090256
frame0122.ply	42.4062	47.8639	47.7637	51488	0.047178	9.714	1091357
frame0123.ply	42.3808	47.7385	47.7347	51944	0.0478509	12.379	1085538
frame0124.ply	42.3875	47.7226	47.7577	52472	0.0484649	12.182	1082681
frame0125.ply	42.4064	47.694	47.7208	51600	0.0478013	12.634	1079468
frame0126.ply	42.413	47.7419	47.7071	49856	0.0470189	12.425	1060339
frame0127.ply	42.4315	47.7422	47.7848	50296	0.0473656	12.365	1061868
frame0128.ply	42.7615	48.0198	47.9446	45872	0.0440496	12.1	1041371
frame0129.ply	42.6503	47.9849	47.9221	48872	0.0456662	12.433	1070200
frame0130.ply	42.7759	47.9546	47.98	48480	0.0447902	12.487	1082379
frame0131.ply	42.1766	47.5254	47.3999	58560	0.1266058	13.094	1117742
frame0132.ply	42.2363	47.5943	47.4379	58456	0.1281878	10.362	1150712
frame0133.ply	41.1013	46.8721	46.1612	81632	0.1252948	14.704	1255325
frame0134.ply	40.847	46.6943	45.9117	91584	0.1423444	15.414	1296583
frame0135.ply	40.6432	46.5193	45.5635	92464	0.1312764	15.528	1315035
frame0136.ply	40.4573	46.3935	45.4461	100184	0.1524732	15.43	1300473
frame0137.ply	40.3565	46.3113	45.2066	106808	0.1674041	15.92	1341297
frame0138.ply	40.3259	46.2119	44.9332	110272	0.1714896	16.767	1393613
frame0139.ply	40.4019	46.2775	45.1088	106584	0.1656413	16.725	1387162
frame0140.ply	40.8117	46.578	45.4315	88864	0.1307606	14.154	1307576
frame0141.ply	40.441	46.2903	45.2212	100936	0.1547777	16.456	1315031
frame0142.ply	40.5617	46.4356	45.5227	99528	0.1565724	15.345	1300441
frame0143.ply	40.6325	46.454	45.3504	99512	0.1569683	16.06	1335661
frame0144.ply	40.4811	46.1089	44.9165	108312	0.1687489	15.27	1355034
frame0145.ply	40.3577	46.0477	44.7954	109528	0.1717067	16.203	1363118
frame0146.ply	40.3462	46.3192	45.1597	107872	0.1678782	16.241	1372029
frame0147.ply	40.4422	46.4478	45.2211	107168	0.1567129	11.964	1370887
frame0148.ply	40.5549	46.3711	45.2337	104144	0.1639857	16.259	1356616
frame0149.ply	40.9834	46.7337	45.753	93624	0.1450099	16.28	1360463
frame0150.ply	41.1484	46.7311	46.2017	85800	0.1384754	15.293	1287012
frame0151.ply	41.2114	46.9762	46.5072	77536	0.1317068	14.45	1235515
frame0152.ply	42.4674	47.7508	47.5238	55168	0.118438	12.269	1140860
frame0153.ply	42.6257	48.1236	47.969	49416	0.0452201	12.613	1092789
frame0154.ply	42.8348	48.0792	47.8485	47888	0.043827	12.677	1092660
frame0155.ply	42.7214	48.0211	47.8179	48928	0.0446195	11.514	1096562
frame0156.ply	42.5929	47.9138	47.6807	48208	0.045453	13.122	1060611
frame0157.ply	42.661	47.9278	47.7814	47992	0.0457561	12.331	1048866
frame0158.ply	42.738	47.9435	47.9062	46944	0.0441031	12.558	1064414
frame0159.ply	42.8491	48.1369	48.0078	45888	0.0431406	10.073	1063685
frame0160.ply	42.8547	48.0501	48.0611	45512	0.043163	12.245	1054422
frame0161.ply	42.8705	48.1665	48.0882	45720	0.0430375	12.434	1062329
frame0162.ply	42.8776	48.1543	48.0058	45056	0.0426328	12.374	1056839
frame0163.ply	42.863	48.0303	48.0051	46104	0.0432983	12.46	1064800
frame0164.ply	42.8169	48.0555	48.0351	45720	0.0429234	12.527	1065154
frame0165.ply	42.7812	48.0387	48.041	46760	0.043747	11.488	1068874
frame0166.ply	42.7208	47.9935	47.9535	48408	0.0449586	12.672	1076725
frame0167.ply	42.7685	48.1143	48.0616	47144	0.0435734	12.607	1081945
frame0168.ply	42.7702	48.0562	47.9957	48464	0.0446135	12.033	1086307
frame0169.ply	42.7299	48.0744	48.0125	47568	0.0442737	10.133	1074408
frame0170.ply	42.7751	48.0954	48.1316	47048	0.0436238	12.825	1078494
frame0171.ply	42.64	47.9817	47.9305	48616	0.0448	12.803	1085178
frame0172.ply	42.6737	48.0787	47.9503	49264	0.044916	12.852	1096804
frame0173.ply	42.7248	48.0834	48.0054	48944	0.0449574	11.163	1088676
frame0174.ply	42.609	48.092	47.9955	49800	0.0456727	12.701	1090368
frame0175.ply	42.6099	48.0176	47.9921	48904	0.0447458	12.745	1092930
frame0176.ply	42.5904	48.0402	47.9704	49232	0.0451314	13.154	1090860
frame0177.ply	42.5223	47.9938	47.9	50960	0.0468115	11.451	1088622
frame0178.ply	42.3993	47.9458	47.9093	50264	0.0462737	12.696	1086233
frame0179.ply	42.7	48.0053	47.9426	49264	0.0878877	12.974	1105007
frame0180.ply	42.6952	48.0557	48.0756	47680	0.0435839	12.89	1093982
frame0181.ply	42.6009	47.9659	47.8538	49656	0.0884379	12.966	1102075
frame0182.ply	42.5684	47.9207	47.8303	49448	0.0883624	12.755	1106381
frame0183.ply	42.599	47.9777	47.8194	49464	0.0884587	13.042	1101244
frame0184.ply	42.6335	47.9946	47.9872	48640	0.0446089	12.835	1090366
frame0185.ply	42.6687	47.9598	47.9097	49432	0.088727	13.044	1103703
frame0186.ply	42.6807	48.0509	47.897	48352	0.0440589	12.863	1097440
frame0187.ply	42.7295	48.0635	48.0391	47544	0.0437257	12.706	1087325
frame0188.ply	42.5683	48.0656	47.9291	49232	0.0452921	12.675	1086988
frame0189.ply	42.5813	47.9624	47.9938	49520	0.0459295	12.588	1078173
frame0190.ply	42.5546	47.8959	47.9279	49992	0.0466899	12.579	1070725
frame0191.ply	42.6319	47.9954	47.9422	48640	0.045181	13.302	1076559
frame0192.ply	42.6606	48.0725	48.0997	48360	0.0445961	11.413	1084400
frame0193.ply	42.6162	48.0325	47.944	48528	0.0447398	12.703	1084673
frame0194.ply	42.6477	48.0083	48.0526	47936	0.0442547	9.159	1083185
frame0195.ply	42.5707	48.0698	47.9818	48608	0.0448641	12.631	1083451
frame0196.ply	42.4994	47.986	47.9286	49568	0.0457973	12.712	1082335
frame0197.ply	42.4878	47.9338	47.8393	48600	0.045017	7.707	1079593
frame0198.ply	42.5354	48.0178	47.8408	48680	0.044793	8.001	1086776
frame0199.ply	42.6037	47.9609	47.8778	48696	0.0448109	11.79	1086700
frame0200.ply	42.4721	48.0016	47.8631	48776	0.0446943	10.124	1091326
frame0201.ply	42.3968	47.9748	47.8473	50112	0.0458938	12.639	1091912
frame0202.ply	42.4639	47.9702	47.7974	50336	0.0462517	12.599	1088306
frame0203.ply	42.59	47.984	47.8872	49664	0.0457394	10.17	1085803
frame0204.ply	42.5059	47.9308	47.9124	50712	0.0464975	6.92	1090640
frame0205.ply	42.6036	48.0221	47.7975	49608	0.0455957	8.411	1087997
frame0206.ply	42.5049	48.0307	47.9222	50072	0.0460146	12.472	1088177
frame0000.ply	44.4902	48.9637	48.2734	160192	0.2909613	14.225	1355867
frame0001.ply	44.3607	48.8782	48.1992	164000	0.2961635	16.117	1345170
frame0002.ply	44.57	49.0142	48.3964	155232	0.2762987	16.032	1357068
frame0003.ply	44.6539	49.1008	48.4198	155952	0.2773467	16.192	1364251
frame0004.ply	44.4928	48.9534	48.1858	159096	0.2884603	16.355	1371270
frame0005.ply	44.434	48.8302	47.9304	171048	0.3068016	17.185	1385105
frame0006.ply	44.5679	48.9439	48.1941	162328	0.3019596	15.983	1357187
frame0007.ply	44.4817	48.8353	48.0464	165632	0.3045067	16.433	1382194
frame0008.ply	44.5411	48.9933	48.208	161280	0.2979585	11.684	1363507
frame0009.ply	44.5802	48.9994	48.2942	162240	0.2897976	16.327	1370263
frame0010.ply	44.6382	49.0568	48.3404	152712	0.2671824	14.741	1370766
frame0011.ply	44.6619	49.0923	48.4602	150720	0.2613235	16.311	1370623
frame0012.ply	44.5353	49.0833	48.4827	157336	0.2804845	16.054	1350376
frame0013.ply	44.4609	48.7958	48.177	163848	0.2853933	16.331	1372336
frame0014.ply	44.4645	48.7736	48.0247	164976	0.2938044	16.342	1371663
frame0015.ply	44.5147	48.9118	47.8418	165520	0.3009158	16.217	1359395
frame0016.ply	44.4465	48.9067	47.8754	165168	0.3020597	16.112	1350660
frame0017.ply	44.4589	48.9506	47.9791	163256	0.3326565	16.08	1349550
frame0018.ply	44.295	48.7692	47.8157	179264	0.331401	16.142	1348818
frame0019.ply	44.3361	48.7621	47.8652	183160	0.3287887	16.364	1373324
frame0020.ply	44.2769	48.7573	47.749	182816	0.3323971	16.056	1334702
frame0021.ply	44.2457	48.6148	47.6207	186360	0.313626	16.182	1358782
frame0022.ply	44.2179	48.6317	47.7152	180088	0.452743	16.428	1350788
frame0023.ply	44.3029	48.727	47.8232	177304	0.3317204	14.109	1339374
frame0024.ply	44.2096	48.6747	47.7413	183536	0.44596	14.627	1366468
frame0025.ply	44.2742	48.7091	47.7623	174648	0.438644	16.084	1356038
frame0026.ply	44.3328	48.7502	47.9491	171952	0.322368	12.556	1334468
frame0027.ply	44.1986	48.6598	47.812	180272	0.3368036	16.4	1364492
frame0028.ply	44.2922	48.6668	47.9395	171736	0.331489	16.042	1342577
frame0029.ply	44.2749	48.7034	47.9221	170248	0.3321966	15.978	1328394
frame0030.ply	44.282	48.7713	47.9466	172432	0.3361622	16.038	1337345
frame0031.ply	44.2109	48.6309	47.8531	172536	0.3410207	15.898	1318377
frame0032.ply	44.2286	48.6964	47.833	173912	0.3361168	15.901	1345477
frame0033.ply	44.277	48.7785	47.9	170760	0.3302562	16.245	1356166
frame0034.ply	44.3171	48.7895	48.0254	168216	0.3333609	16.035	1344389
frame0035.ply	44.274	48.7365	47.938	176504	0.351124	16.186	1345954
frame0036.ply	44.329	48.7971	48.0121	167720	0.3282047	16.119	1346000
frame0037.ply	44.3925	48.8941	48.0343	163008	0.3264541	15.554	1306970
frame0038.ply	44.5008	48.9893	48.2032	156856	0.3017196	12.855	1318282
frame0039.ply	44.3818	48.9357	48.0301	163216	0.3124636	14.614	1317888
frame0040.ply	44.5197	48.9654	48.0065	160368	0.3113134	15.673	1311164
frame0041.ply	44.6228	49.1058	48.2007	150512	0.2840301	15.703	1316488
frame0042.ply	45.1534	49.3925	48.7675	117248	0.215352	13.405	1254419
frame0043.ply	45.2893	49.584	49.0282	112928	0.2027506	13.49	1223686
frame0044.ply	45.2803	49.5605	48.9892	111536	0.2015467	13.443	1220755
frame0045.ply	45.2236	49.6063	49.0514	113528	0.226234	13.228	1202345
frame0046.ply	45.3937	49.6954	49.0763	111984	0.2044237	13.201	1212124
frame0047.ply	45.3891	49.6683	49.0458	109208	0.2380304	12.552	1152696
frame0048.ply	45.4143	49.6902	49.1323	110352	0.2458204	12.477	1137424
frame0049.ply	45.5488	49.7359	49.3374	101792	0.0926131	11.801	1099110
frame0050.ply	45.3899	49.7205	49.3078	105992	0.0974929	9.08	1087177
frame0051.ply	45.3415	49.5267	49.1129	109160	0.1963526	10.934	1110050
frame0052.ply	45.2454	49.4544	48.9304	109696	0.1980533	11.925	1102339
frame0053.ply	45.3408	49.5154	49.0862	108784	0.1958201	11.919	1107674
frame0054.ply	45.1492	49.517	49.0763	110232	0.102484	11.615	1075606
frame0055.ply	45.1384	49.4578	49.0127	111304	0.102648	11.623	1084325
frame0056.ply	44.9694	49.3718	48.9308	120952	0.112327	11.657	1076782
frame0057.ply	45.0771	49.3598	48.8396	113384	0.107134	10.276	1058338
frame0058.ply	45.1507	49.4139	48.921	112512	0.104201	11.723	1079759
frame0059.ply	45.251	49.5178	49.1265	106896	0.100439	11.528	1064293
frame0060.ply	45.1813	49.4086	48.9852	111584	0.103356	11.698	1079612
frame0061.ply	45.2164	49.4679	49.165	106328	0.100521	11.471	1057769
frame0062.ply	45.3008	49.5686	49.2234	103896	0.0975804	11.554	1064722
frame0063.ply	45.2389	49.507	49.1023	105384	0.100166	11.399	1052093
frame0064.ply	45.3163	49.6086	49.1357	105952	0.0986945	11.618	1073535
frame0065.ply	45.2807	49.65	49.2031	107472	0.0997378	11.662	1077545
frame0066.ply	45.3625	49.642	49.1373	105704	0.0970467	11.761	1089208
frame0067.ply	45.4351	49.6799	49.1977	104584	0.0958849	11.791	1090724
frame0068.ply	45.3871	49.6383	49.251	105192	0.095744	11.923	1098680
frame0069.ply	45.4162	49.6541	49.3093	103312	0.0951942	11.743	1085276
frame0070.ply	45.4519	49.7682	49.4909	104648	0.096238	9.009	1087388
frame0071.ply	45.5578	49.7625	49.4448	97400	0.0903233	11.637	1078349
frame0072.ply	45.5377	49.7579	49.4304	99424	0.0921363	11.6	1079097
frame0073.ply	45.515	49.8125	49.4895	99488	0.0916936	11.718	1085005
frame0074.ply	45.518	49.5802	49.4123	102504	0.1850945	10.844	1103985
frame0075.ply	45.3991	49.6943	49.4314	104624	0.0951608	11.905	1099444
frame0076.ply	45.4372	49.6803	49.3139	104480	0.1877908	11.932	1104819
frame0077.ply	45.4636	49.6138	49.3604	106024	0.1920071	12.082	1103358
frame0078.ply	45.3853	49.6724	49.3247	102976	0.0938085	11.926	1097726
frame0079.ply	45.2993	49.5893	49.2421	105912	0.0964712	11.785	1097861
frame0080.ply	45.2966	49.6605	49.3258	108096	0.1944464	12.158	1109117
frame0081.ply	45.3948	49.6605	49.3023	107552	0.1930789	12.031	1112254
frame0082.ply	45.2604	49.5263	49.1187	109720	0.1982364	12.02	1106606
frame0083.ply	45.3357	49.6145	49.2614	106088	0.0968588	8.871	1095285
frame0084.ply	45.4004	49.76	49.4422	102720	0.0946997	11.707	1084692
frame0085.ply	45.4467	49.7534	49.3967	101440	0.0923945	11.958	1097901
frame0086.ply	45.5078	49.7841	49.5074	97608	0.0909475	11.568	1073234
frame0087.ply	45.467	49.7696	49.4769	100936	0.093756	11.685	1076582
frame0088.ply	45.4149	49.6548	49.3765	101320	0.0941731	11.636	1075891
frame0089.ply	45.3909	49.6315	49.31	103880	0.0958303	11.695	1084000
frame0090.ply	45.4855	49.7226	49.3477	100248	0.0932172	11.649	1075424
frame0091.ply	45.4313	49.6647	49.3726	103848	0.095598	11.693	1086299
frame0092.ply	45.4709	49.7025	49.4131	102400	0.0950408	11.67	1077432
frame0093.ply	45.4292	49.7067	49.4632	102784	0.0949479	11.716	1082531
frame0094.ply	45.4303	49.7538	49.5001	100968	0.0947844	11.472	1065239
frame0095.ply	45.475	49.6487	49.4414	98144	0.091599	10.404	1071453
frame0096.ply	45.5291	49.7152	49.503	98032	0.0911728	8.993	1075233
frame0097.ply	45.4493	49.7188	49.4959	98248	0.091285	11.593	1076278
frame0098.ply	45.5775	49.7826	49.6239	98224	0.091844	11.603	1069466
frame0099.ply	45.506	49.7715	49.5623	98248	0.0903658	12.769	1087225
frame0100.ply	45.4199	49.7272	49.5458	101064	0.0940984	13.134	1074025
frame0101.ply	45.4215	49.7044	49.4579	100888	0.0923152	12.798	1092864
frame0102.ply	45.4309	49.6053	49.3381	102160	0.0946066	12.662	1079840
frame0103.ply	45.41	49.6713	49.4618	105536	0.0963608	12.79	1095217
frame0104.ply	45.4368	49.6932	49.429	102320	0.0938759	9.51	1089950
frame0105.ply	45.398	49.6415	49.466	101880	0.0941336	12.721	1082292
frame0106.ply	45.4076	49.6507	49.3417	100200	0.0931069	12.6	1076182
frame0107.ply	45.3811	49.6997	49.4095	102352	0.0955474	12.571	1071217
frame0108.ply	45.4132	49.6686	49.399	100296	0.0938719	11.287	1068435
frame0109.ply	45.4701	49.7382	49.4749	99240	0.0927297	12.466	1070207
frame0110.ply	45.3449	49.62	49.4279	99408	0.0930148	12.551	1068733
frame0111.ply	45.4173	49.7109	49.4037	99456	0.0932207	12.46	1066887
frame0112.ply	45.3568	49.6027	49.3752	101832	0.0963262	11.498	1057158
frame0113.ply	45.3181	49.5837	49.33	102392	0.0951668	12.577	1075922
frame0114.ply	45.317	49.5135	49.3464	101256	0.0963676	12.29	1050727
frame0115.ply	45.3318	49.5799	49.2931	101352	0.0961316	12.278	1054305
frame0116.ply	45.2243	49.4865	49.3069	103288	0.0978429	12.357	1055651
frame0117.ply	45.3067	49.521	49.2889	101712	0.0969388	11.323	1049239
frame0118.ply	45.247	49.47	49.2075	106528	0.101171	12.298	1052946
frame0119.ply	45.2801	49.4806	49.2213	107272	0.0997057	10.015	1075886
frame0120.ply	45.2331	49.5265	49.2718	108696	0.100884	12.619	1077435
frame0121.ply	45.2308	49.4676	49.2098	110104	0.100989	12.814	1090256
frame0122.ply	45.2406	49.5038	49.2703	106584	0.0976619	11.47	1091357
frame0123.ply	45.2414	49.5324	49.2972	109488	0.100861	12.682	1085538
frame0124.ply	45.2507	49.5132	49.2836	109392	0.101038	12.684	1082681
frame0125.ply	45.2494	49.4344	49.2072	105960	0.0981595	12.606	1079468
frame0126.ply	45.2267	49.4256	49.2803	104056	0.0981347	12.442	1060339
frame0127.ply	45.2395	49.4731	49.3113	102928	0.0969311	12.458	1061868
frame0128.ply	45.5842	49.7202	49.4115	93832	0.0901043	12.215	1041371
frame0129.ply	45.4908	49.7483	49.4425	100008	0.093448	12.635	1070200
frame0130.ply	45.6472	49.7438	49.55	98952	0.0914208	12.663	1082379
frame0131.ply	45.1603	49.3027	48.9828	120240	0.2606974	12.875	1117742
frame0132.ply	45.1841	49.3385	49.0217	120424	0.2621719	12.23	1150712
frame0133.ply	44.0704	48.5827	47.8164	171504	0.262341	14.794	1255325
frame0134.ply	43.8971	48.4362	47.6567	192272	0.296645	15.424	1296583
frame0135.ply	43.7144	48.2116	47.3166	197952	0.287058	15.67	1315035
frame0136.ply	43.6248	48.1438	47.148	209680	0.316615	15.519	1300473
frame0137.ply	43.5296	48.1338	47.0474	227160	0.356419	15.863	1341297
frame0138.ply	43.4588	48.0034	46.7794	238560	0.368755	12.832	1393613
frame0139.ply	43.5733	48.0747	46.919	229048	0.354235	16.318	1387162
frame0140.ply	43.8663	48.2897	47.1472	190784	0.280067	15.58	1307576
frame0141.ply	43.6166	48.0698	47.017	214536	0.327776	15.729	1315031
frame0142.ply	43.6712	48.1989	47.2344	208296	0.324757	15.45	1300441
frame0143.ply	43.7061	48.2169	47.1365	211920	0.333901	15.848	1335661
frame0144.ply	43.6557	47.9326	46.7509	229632	0.357206	15.967	1355034
frame0145.ply	43.5486	47.8776	46.767	235720	0.369564	16.113	1363118
frame0146.ply	43.5035	48.1545	47.0104	232120	0.360147	14.797	1372029
frame0147.ply	43.6294	48.2711	47.0799	230016	0.336121	15.155	1370887
frame0148.ply	43.7324	48.1738	47.0923	220832	0.347343	16.224	1356616
frame0149.ply	44.022	48.5425	47.5135	196448	0.303199	15.4	1360463
frame0150.ply	44.2566	48.5377	47.9187	179424	0.286966	15.662	1287012
frame0151.ply	44.3282	48.7005	48.0622	164352	0.276723	14.667	1235515
frame0152.ply	45.3547	49.5631	49.0905	113776	0.2469799	12.305	1140860
frame0153.ply	45.5845	49.8378	49.5064	104216	0.095367	10.618	1092789
frame0154.ply	45.6231	49.7966	49.3951	98360	0.0900189	12.695	1092660
frame0155.ply	45.5757	49.8113	49.3649	100864	0.091982	12.759	1096562
frame0156.ply	45.4753	49.5979	49.2301	100936	0.0951678	12.445	1060611
frame0157.ply	45.5205	49.6443	49.3779	99440	0.0948072	11.854	1048866
frame0158.ply	45.5627	49.6904	49.4142	97304	0.0914156	12.476	1064414
frame0159.ply	45.6605	49.8012	49.4733	94568	0.088906	11.21	1063685
frame0160.ply	45.6251	49.7663	49.4808	94000	0.0891484	12.336	1054422
frame0161.ply	45.6524	49.8056	49.528	93224	0.0877544	12.388	1062329
frame0162.ply	45.673	49.8436	49.4667	92792	0.0878015	12.39	1056839
frame0163.ply	45.668	49.7388	49.5332	94928	0.089151	10.263	1064800
frame0164.ply	45.6371	49.8146	49.5185	94200	0.0884379	11.655	1065154
frame0165.ply	45.6458	49.7885	49.5514	96712	0.0904803	12.502	1068874
frame0166.ply	45.536	49.7376	49.4357	99928	0.0928074	12.605	1076725
frame0167.ply	45.5989	49.8334	49.566	98800	0.091317	12.759	1081945
frame0168.ply	45.5531	49.7802	49.4814	99784	0.0918562	12.73	1086307
frame0169.ply	45.5781	49.773	49.5125	98696	0.0918608	12.736	1074408
frame0170.ply	45.6481	49.805	49.5932	97936	0.0908081	12.623	1078494
frame0171.ply	45.5109	49.684	49.4185	100936	0.0930133	12.54	1085178
frame0172.ply	45.529	49.7609	49.4409	101008	0.092093	12.858	1096804
frame0173.ply	45.5825	49.8229	49.5212	101272	0.0930231	12.758	1088676
frame0174.ply	45.5315	49.7521	49.5197	102472	0.0939793	11.449	1090368
frame0175.ply	45.4695	49.7487	49.4361	102280	0.0935833	12.607	1092930
frame0176.ply	45.4552	49.7488	49.5228	103344	0.0947363	12.792	1090860
frame0177.ply	45.3986	49.6956	49.391	105512	0.0969225	12.744	1088622
frame0178.ply	45.3378	49.6425	49.3967	105520	0.0971431	11.215	1086233
frame0179.ply	45.5063	49.6624	49.4404	101712	0.1813501	12.862	1105007
frame0180.ply	45.5141	49.7355	49.5246	99576	0.0910216	12.85	1093982
frame0181.ply	45.4578	49.6851	49.4095	103504	0.1843483	12.951	1102075
frame0182.ply	45.4523	49.6852	49.4263	104192	0.1861118	10.902	1106381
frame0183.ply	45.4407	49.6313	49.2792	102784	0.1838242	12.85	1101244
frame0184.ply	45.4872	49.7042	49.4058	101472	0.0930623	12.795	1090366
frame0185.ply	45.5235	49.6782	49.4307	102000	0.1830958	11.794	1103703
frame0186.ply	45.4894	49.7899	49.4426	100416	0.0915002	12.798	1097440
frame0187.ply	45.5531	49.761	49.5273	98832	0.0908946	11.2	1087325
frame0188.ply	45.4602	49.7655	49.4466	103160	0.0949045	11.428	1086988
frame0189.ply	45.5114	49.7101	49.4055	102368	0.0949458	12.641	1078173
frame0190.ply	45.4343	49.6725	49.4427	102984	0.0961816	13.022	1070725
frame0191.ply	45.4955	49.7405	49.3982	101344	0.094137	12.633	1076559
frame0192.ply	45.5325	49.7663	49.52	99888	0.0921136	12.613	1084400
frame0193.ply	45.5026	49.7277	49.4282	101360	0.0934475	10.733	1084673
frame0194.ply	45.5461	49.6974	49.4499	99168	0.0915522	12.726	1083185
frame0195.ply	45.4428	49.802	49.5038	102376	0.0944907	12.656	1083451
frame0196.ply	45.3584	49.6643	49.3522	103680	0.0957929	12.702	1082335
frame0197.ply	45.3642	49.64	49.3571	102984	0.0953915	8.141	1079593
frame0198.ply	45.4062	49.7714	49.3858	103336	0.0950849	12.273	1086776
frame0199.ply	45.4084	49.7351	49.4123	102152	0.094002	12.814	1086700
frame0200.ply	45.311	49.6844	49.3015	103448	0.0947911	12.724	1091326
frame0201.ply	45.3138	49.6416	49.3421	106104	0.0971727	10.254	1091912
frame0202.ply	45.3413	49.698	49.3127	105472	0.0969139	10.248	1088306
frame0203.ply	45.3789	49.7285	49.3705	103736	0.0955385	12.35	1085803
frame0204.ply	45.3236	49.6845	49.3604	105472	0.0967065	6.873	1090640
frame0205.ply	45.3892	49.6677	49.3308	103432	0.0950664	12.725	1087997
frame0206.ply	45.4605	49.7657	49.4251	105600	0.097043	7.491	1088177
frame0000.ply	47.1741	50.4136	49.8074	344992	0.621034	14.611	1355867
frame0001.ply	47.045	50.3037	49.717	351176	0.632532	16.837	1345170
frame0002.ply	47.2165	50.4607	49.8592	334136	0.592798	16.191	1357068
frame0003.ply	47.2802	50.5956	49.9685	338176	0.602994	16.101	1364251
frame0004.ply	47.1445	50.3858	49.7644	345272	0.625245	16.302	1371270
frame0005.ply	47.0859	50.3171	49.6327	369568	0.661615	16.514	1385105
frame0006.ply	47.2069	50.4168	49.8236	348096	0.64471	16.135	1357187
frame0007.ply	47.1264	50.2901	49.6514	356336	0.653794	16.489	1382194
frame0008.ply	47.1755	50.4751	49.8304	350480	0.648342	16.251	1363507
frame0009.ply	47.2285	50.5248	49.8896	351888	0.632603	16.327	1370263
frame0010.ply	47.2477	50.4568	49.8288	330160	0.580872	16.479	1370766
frame0011.ply	47.3082	50.5877	49.9831	331624	0.577911	11.615	1370623
frame0012.ply	47.2214	50.5474	49.9779	342768	0.61058	16.12	1350376
frame0013.ply	47.114	50.272	49.6736	351840	0.611408	16.359	1372336
frame0014.ply	47.1031	50.2537	49.5705	355040	0.633519	14.663	1371663
frame0015.ply	47.1791	50.3219	49.5219	354688	0.641746	15.791	1359395
frame0016.ply	47.1214	50.4192	49.5914	358712	0.653826	16.168	1350660
frame0017.ply	47.127	50.4269	49.6356	353480	0.721548	16.047	1349550
frame0018.ply	47.0178	50.2657	49.5329	383016	0.702736	16	1348818
frame0019.ply	47.0581	50.3237	49.5984	388832	0.696189	16.664	1373324
frame0020.ply	47.0415	50.301	49.5189	386680	0.695815	16.044	1334702
frame0021.ply	47.0009	50.1522	49.3453	391448	0.667874	12.611	1358782
frame0022.ply	46.9504	50.1283	49.389	384248	0.992538	15.88	1350788
frame0023.ply	47.0265	50.2624	49.5495	376872	0.699173	16.117	1339374
frame0024.ply	46.954	50.2014	49.4524	389216	0.972335	14.95	1366468
frame0025.ply	46.9643	50.1502	49.4094	372472	0.960955	16.266	1356038
frame0026.ply	47.0135	50.2555	49.5814	367616	0.693489	15.866	1334468
frame0027.ply	46.9243	50.1777	49.4526	384440	0.716262	16.273	1364492
frame0028.ply	47.0225	50.2009	49.5363	368224	0.700716	14.382	1342577
frame0029.ply	47.0055	50.1605	49.4857	364176	0.700959	15.858	1328394
frame0030.ply	47.0018	50.2694	49.5571	370984	0.717207	15.932	1337345
frame0031.ply	46.9332	50.1449	49.4491	369064	0.723938	12.078	1318377
frame0032.ply	46.9448	50.2045	49.5126	376440	0.721697	15.986	1345477
frame0033.ply	46.957	50.2349	49.487	369032	0.709731	16.238	1356166
frame0034.ply	47.0388	50.2513	49.6129	361080	0.710277	16.029	1344389
frame0035.ply	46.9865	50.2509	49.5225	375424	0.74092	16.206	1345954
frame0036.ply	47.0551	50.2638	49.566	359848	0.699083	15.191	1346000
frame0037.ply	47.1139	50.3828	49.6819	349296	0.692305	15.564	1306970
frame0038.ply	47.1713	50.4262	49.7066	337464	0.64673	15.882	1318282
frame0039.ply	47.0723	50.4018	49.6402	352160	0.667404	15.725	1317888
frame0040.ply	47.1713	50.4556	49.6661	347912	0.670548	15.827	1311164
frame0041.ply	47.2498	50.5403	49.7805	327104	0.615276	15.707	1316488
frame0042.ply	47.599	50.7322	50.0905	255536	0.475488	13.465	1254419
frame0043.ply	47.7891	50.9322	50.3648	248512	0.454829	14.398	1223686
frame0044.ply	47.7613	50.869	50.2865	242592	0.454829	14.069	1220755
frame0045.ply	47.7398	50.9852	50.4135	248376	0.506123	14.067	1202345
frame0046.ply	47.9234	51.107	50.4563	244776	0.453904	14.244	1212124
frame0047.ply	47.958	51.1184	50.4963	239016	0.531191	12.962	1152696
frame0048.ply	47.9758	51.1459	50.5473	236656	0.529567	10.759	1137424
frame0049.ply	48.0489	51.1447	50.6396	215256	0.195846	12.796	1099110
frame0050.ply	47.989	51.2342	50.694	228560	0.210233	12.678	1087177
frame0051.ply	47.8762	50.8957	50.4339	229744	0.413218	13.013	1110050
frame0052.ply	47.8576	50.8704	50.3024	232312	0.419229	12.949	1102339
frame0053.ply	47.934	50.9817	50.4459	231624	0.416833	12.987	1107674
frame0054.ply	47.804	50.9839	50.5233	239224	0.222409	12.443	1075606
frame0055.ply	47.7406	50.872	50.3184	236096	0.217735	12.632	1084325
frame0056.ply	47.665	50.9028	50.3872	257224	0.238882	11.844	1076782
frame0057.ply	47.7137	50.8109	50.2333	237264	0.224185	12.462	1058338
frame0058.ply	47.7666	50.8639	50.3569	240272	0.222524	12.766	1079759
frame0059.ply	47.8068	50.9807	50.5078	227168	0.213445	11.21	1064293
frame0060.ply	47.7774	50.8342	50.3335	235432	0.218071	12.68	1079612
frame0061.ply	47.7943	50.9058	50.4707	224664	0.212394	12.428	1057769
frame0062.ply	47.8525	51.0256	50.571	221824	0.20834	12.532	1064722
frame0063.ply	47.8696	50.9463	50.4978	225264	0.21411	12.382	1052093
frame0064.ply	47.886	51.1303	50.6102	229056	0.213366	11.154	1073535
frame0065.ply	47.904	51.1516	50.6178	232256	0.215542	12.588	1077545
frame0066.ply	47.9231	51.0972	50.5335	227272	0.208658	12.834	1089208
frame0067.ply	47.9769	51.1389	50.5573	224416	0.20575	12.702	1090724
frame0068.ply	47.9671	51.1087	50.6153	226320	0.205993	12.783	1098680
frame0069.ply	47.9654	51.0409	50.5843	217320	0.200244	12.789	1085276
frame0070.ply	48.0018	51.2748	50.8501	224304	0.206278	10.336	1087388
frame0071.ply	48.0586	51.1469	50.7145	207824	0.192724	11.36	1078349
frame0072.ply	48.0581	51.2383	50.7712	212080	0.196535	12.529	1079097
frame0073.ply	48.0583	51.2303	50.7598	212080	0.195465	11.967	1085005
frame0074.ply	48.0401	51.1134	50.7129	218064	0.393707	12.932	1103985
frame0075.ply	47.9686	51.1486	50.7233	224800	0.204467	12.767	1099444
frame0076.ply	47.9852	51.1464	50.7329	225608	0.405274	12.958	1104819
frame0077.ply	47.9872	51.1177	50.6937	226008	0.409292	13.663	1103358
frame0078.ply	47.9457	51.1127	50.6505	221984	0.202222	12.74	1097726
frame0079.ply	47.8566	51.0574	50.588	227776	0.207473	9.074	1097861
frame0080.ply	47.8978	51.0847	50.6971	232248	0.417702	13.032	1109117
frame0081.ply	47.9582	51.15	50.7158	231408	0.415411	13.054	1112254
frame0082.ply	47.866	50.9361	50.4923	235160	0.424873	13.048	1106606
frame0083.ply	47.9142	51.0824	50.6365	227344	0.207566	12.868	1095285
frame0084.ply	47.9626	51.2585	50.8091	222608	0.205227	12.542	1084692
frame0085.ply	47.9892	51.1581	50.7351	218992	0.199464	12.821	1097901
frame0086.ply	48.0599	51.2456	50.8625	213648	0.199069	12.434	1073234
frame0087.ply	48.0186	51.1856	50.7323	214968	0.199676	12.664	1076582
frame0088.ply	47.9374	51.0502	50.6724	214016	0.19892	12.672	1075891
frame0089.ply	47.9265	51.0814	50.6129	219432	0.202428	12.676	1084000
frame0090.ply	48.0243	51.1071	50.6725	213592	0.198612	12.581	1075424
frame0091.ply	47.9692	51.0889	50.733	222136	0.204489	12.703	1086299
frame0092.ply	48.0058	51.2522	50.7737	219992	0.204182	12.284	1077432
frame0093.ply	47.9919	51.1722	50.7842	219600	0.202858	11.365	1082531
frame0094.ply	48.0167	51.2155	50.8983	217904	0.204559	12.322	1065239
frame0095.ply	48.0021	51.0518	50.6966	208808	0.194883	12.012	1071453
frame0096.ply	48.0283	51.18	50.8191	209992	0.195299	12.593	1075233
frame0097.ply	47.9799	51.1951	50.7998	212424	0.197369	9.405	1076278
frame0098.ply	48.0921	51.2981	50.9557	212152	0.198372	12.557	1069466
frame0099.ply	48.0317	51.2136	50.8559	212184	0.195161	12.682	1087225
frame0100.ply	48.0412	51.2199	50.8338	215768	0.200897	12.614	1074025
frame0101.ply	47.9986	51.1106	50.7367	215160	0.196877	11.526	1092864
frame0102.ply	47.9696	51.0387	50.6546	217192	0.201134	12.541	1079840
frame0103.ply	48.0229	51.2322	50.8378	227872	0.208061	12.795	1095217
frame0104.ply	48.0065	51.1802	50.7661	220272	0.202094	12.77	1089950
frame0105.ply	47.9208	51.1312	50.7616	218336	0.201735	12.73	1082292
frame0106.ply	47.9463	51.0432	50.6553	212880	0.19781	12.629	1076182
frame0107.ply	47.9319	51.1837	50.7952	221048	0.206352	9.444	1071217
frame0108.ply	47.9516	51.1216	50.7163	214576	0.200832	12.484	1068435
frame0109.ply	48.0159	51.1569	50.8123	213224	0.199236	12.606	1070207
frame0110.ply	47.9031	51.0233	50.6801	213440	0.199713	11.521	1068733
frame0111.ply	47.97	51.1429	50.7325	214072	0.200651	12.532	1066887
frame0112.ply	47.8865	51.0454	50.6534	217648	0.20588	12.387	1057158
frame0113.ply	47.8687	50.9441	50.5806	217080	0.201762	12.586	1075922
frame0114.ply	47.8476	51.0202	50.6512	217584	0.207079	12.311	1050727
frame0115.ply	47.8804	51.0176	50.6817	217640	0.20643	12.397	1054305
frame0116.ply	47.7981	50.9518	50.6284	222288	0.21057	12.394	1055651
frame0117.ply	47.903	51.0339	50.6597	218016	0.207785	12.287	1049239
frame0118.ply	47.8193	50.9152	50.5653	226144	0.214773	12.674	1052946
frame0119.ply	47.8927	50.9641	50.5922	229112	0.212952	9.045	1075886
frame0120.ply	47.8479	51.0496	50.6662	236024	0.219061	12.661	1077435
frame0121.ply	47.8067	50.9393	50.5723	235304	0.215825	12.613	1090256
frame0122.ply	47.8363	50.9207	50.5557	227048	0.208042	12.794	1091357
frame0123.ply	47.8236	51.0834	50.7227	234824	0.21632	12.854	1085538
frame0124.ply	47.8251	51.0391	50.7285	235832	0.217822	12.575	1082681
frame0125.ply	47.7901	50.8243	50.4663	224760	0.208214	11.357	1079468
frame0126.ply	47.8567	50.9654	50.6565	227664	0.214709	12.501	1060339
frame0127.ply	47.8072	50.9039	50.5565	218296	0.205577	12.237	1061868
frame0128.ply	48.0828	51.1157	50.7825	201352	0.193353	12.021	1041371
frame0129.ply	48.0731	51.2398	50.8328	217432	0.20317	8.895	1070200
frame0130.ply	48.1985	51.1907	50.84	208320	0.192465	11.384	1082379
frame0131.ply	47.8339	50.7712	50.3714	249848	0.553074	12.931	1117742
frame0132.ply	47.8123	50.8316	50.3829	252392	0.556086	13.589	1150712
frame0133.ply	46.7649	50.0441	49.3402	361664	0.551142	15.473	1255325
frame0134.ply	46.6729	49.9495	49.2544	403904	0.618035	15.43	1296583
frame0135.ply	46.5359	49.6968	48.9154	417424	0.607066	15.482	1315035
frame0136.ply	46.4065	49.6509	48.7365	435744	0.654597	15.539	1300473
frame0137.ply	46.3622	49.713	48.7406	474832	0.745095	15.919	1341297
frame0138.ply	46.3747	49.6135	48.6064	504944	0.778912	16.455	1393613
frame0139.ply	46.412	49.6098	48.5995	480520	0.742334	16.457	1387162
frame0140.ply	46.569	49.7656	48.8095	406216	0.594519	15.559	1307576
frame0141.ply	46.3761	49.5995	48.7582	447464	0.678781	15.799	1315031
frame0142.ply	46.483	49.7444	48.8889	435840	0.672243	14.21	1300441
frame0143.ply	46.5404	49.7189	48.8441	441784	0.696484	15.793	1335661
frame0144.ply	46.519	49.5529	48.5928	476432	0.742107	16.208	1355034
frame0145.ply	46.4518	49.5006	48.6715	493528	0.772888	16.055	1363118
frame0146.ply	46.4123	49.7509	48.8122	487872	0.757168	16.214	1372029
frame0147.ply	46.4934	49.8146	48.926	478384	0.698624	16.123	1370887
frame0148.ply	46.5943	49.7336	48.8171	457176	0.720014	12.846	1356616
frame0149.ply	46.7893	50.0531	49.1169	413208	0.639237	16.055	1360463
frame0150.ply	46.9903	50.0595	49.4169	370968	0.599216	15.245	1287012
frame0151.ply	47.0804	50.2346	49.5719	344096	0.586666	14.543	1235515
frame0152.ply	47.9432	50.9783	50.4529	240360	0.533368	13.304	1140860
frame0153.ply	48.1992	51.3443	50.8565	222848	0.203926	12.698	1092789
frame0154.ply	48.1554	51.2281	50.7671	212064	0.194081	11.485	1092660
frame0155.ply	48.1055	51.2249	50.7045	215728	0.196731	12.399	1096562
frame0156.ply	47.995	51.109	50.6225	218848	0.206341	12.438	1060611
frame0157.ply	48.0458	51.1449	50.753	213040	0.203115	11.036	1048866
frame0158.ply	48.0529	51.0612	50.686	204808	0.192414	12.446	1064414
frame0159.ply	48.1343	51.257	50.8073	202696	0.19056	12.457	1063685
frame0160.ply	48.119	51.2085	50.8168	201400	0.191005	12.288	1054422
frame0161.ply	48.1375	51.1861	50.8	197616	0.186021	12.403	1062329
frame0162.ply	48.1614	51.2388	50.7684	199400	0.188676	12.487	1056839
frame0163.ply	48.1418	51.156	50.805	199272	0.187145	12.492	1064800
frame0164.ply	48.1207	51.202	50.7703	200016	0.187781	12.489	1065154
frame0165.ply	48.1485	51.1761	50.7938	202112	0.189089	12.525	1068874
frame0166.ply	48.1097	51.1946	50.8243	213424	0.198216	12.575	1076725
frame0167.ply	48.1443	51.3128	50.9468	213000	0.196868	9.304	1081945
frame0168.ply	48.0996	51.2229	50.8213	213664	0.196688	12.751	1086307
frame0169.ply	48.0995	51.198	50.8637	209528	0.195017	12.381	1074408
frame0170.ply	48.1472	51.2445	50.8584	207576	0.192468	12.64	1078494
frame0171.ply	48.0512	51.1205	50.7152	213616	0.196849	12.631	1085178
frame0172.ply	48.0674	51.172	50.7327	213552	0.194704	12.787	1096804
frame0173.ply	48.1428	51.3096	50.8956	218680	0.200868	12.661	1088676
frame0174.ply	48.0744	51.2507	50.8064	217208	0.199206	12.736	1090368
frame0175.ply	48.0195	51.2119	50.7344	219112	0.200481	12.757	1092930
frame0176.ply	48.0214	51.2106	50.8174	219800	0.201492	12.719	1090860
frame0177.ply	48.005	51.1347	50.6963	223528	0.205331	12.641	1088622
frame0178.ply	47.9601	51.1446	50.7221	225200	0.207322	9.161	1086233
frame0179.ply	48.0252	51.0358	50.6624	215912	0.384695	13.048	1105007
frame0180.ply	48.0496	51.206	50.8209	213728	0.195367	11.478	1093982
frame0181.ply	48.003	51.145	50.7057	219672	0.390937	12.887	1102075
frame0182.ply	48.0015	51.1308	50.6885	222488	0.397129	13.039	1106381
frame0183.ply	47.9924	51.0472	50.5819	218536	0.39072	12.878	1101244
frame0184.ply	48.0101	51.0999	50.6831	211680	0.194137	12.705	1090366
frame0185.ply	48.0286	51.1129	50.7274	216880	0.389155	11.732	1103703
frame0186.ply	48.0419	51.1808	50.754	215288	0.196173	12.863	1097440
frame0187.ply	48.0286	51.2259	50.8025	211432	0.194452	12.782	1087325
frame0188.ply	48.0191	51.2236	50.8252	221944	0.204183	9.5	1086988
frame0189.ply	48.0633	51.1771	50.7485	216544	0.200843	12.569	1078173
frame0190.ply	48.0242	51.2069	50.8015	220296	0.205745	12.56	1070725
frame0191.ply	48.0208	51.1798	50.737	215168	0.199866	12.635	1076559
frame0192.ply	48.0752	51.2458	50.8491	213880	0.197233	12.709	1084400
frame0193.ply	48.019	51.1391	50.6974	211672	0.195148	12.713	1084673
frame0194.ply	48.029	51.107	50.6738	208088	0.192108	12.763	1083185
frame0195.ply	48.0165	51.3029	50.8827	220624	0.203631	12.693	1083451
frame0196.ply	47.9595	51.1222	50.713	222560	0.205629	12.44	1082335
frame0197.ply	47.9551	51.0555	50.6414	217160	0.20115	8.407	1079593
frame0198.ply	47.9889	51.2757	50.8055	223480	0.205636	6.868	1086776
frame0199.ply	47.9783	51.1504	50.7478	218520	0.201086	12.423	1086700
frame0200.ply	47.8926	51.0977	50.6627	224328	0.205555	6.827	1091326
frame0201.ply	47.8797	51.112	50.6792	228608	0.209365	12.495	1091912
frame0202.ply	47.9077	51.1509	50.6431	226024	0.207684	6.856	1088306
frame0203.ply	47.972	51.2121	50.7452	225696	0.207861	10.744	1085803
frame0204.ply	47.9669	51.1564	50.6854	226448	0.207629	10.209	1090640
frame0205.ply	47.9318	51.1336	50.661	221168	0.20328	8.609	1087997
frame0206.ply	48.0277	51.2799	50.8467	225976	0.207665	10.181	1088177
