frame0000.ply	33.9408	41.8595	41.0102	5512	0.00573747	4.56	960703
frame0001.ply	33.8573	41.8201	40.9387	5472	0.00574682	9.379	952178
frame0002.ply	33.7805	41.9849	41.0493	5424	0.00571471	8.382	949129
frame0003.ply	33.8031	41.9526	40.9499	5456	0.00571397	9.377	954852
frame0004.ply	33.7692	41.9169	40.8102	5456	0.0056842	5.312	959854
frame0005.ply	33.7668	41.5782	40.89	5680	0.00591735	9.393	959889
frame0006.ply	33.787	41.7182	40.9338	5408	0.00567378	9.44	953156
frame0007.ply	33.773	41.9232	41.0082	5392	0.0056931	9.263	947112
frame0008.ply	33.8567	41.9583	40.882	5408	0.00563117	9.46	960368
frame0009.ply	33.6555	41.7644	40.864	5504	0.00574494	9.44	958061
frame0010.ply	33.633	41.8459	41.155	5712	0.00597188	9.339	956482
frame0011.ply	33.7393	41.9434	41.1382	5536	0.00579433	9.443	955417
frame0012.ply	33.7676	42.0551	40.7514	5856	0.00610881	9.419	958615
frame0013.ply	33.6938	41.9531	40.9896	5552	0.00578648	9.436	959478
frame0014.ply	33.7744	42.1277	40.852	5704	0.00589491	9.502	967615
frame0015.ply	33.8047	42.047	40.9477	5320	0.00553139	11.039	961783
frame0016.ply	33.8979	41.8119	40.8955	5504	0.00570001	11.099	965612
frame0017.ply	33.9254	42.1374	41.0537	5424	0.00566061	11.015	958200
frame0018.ply	33.6587	41.8868	40.8069	5304	0.00555336	11.138	955097
frame0019.ply	33.8241	42.0829	40.9514	5416	0.00563604	11.098	960959
frame0020.ply	33.8978	42.1219	41.0293	5472	0.00571079	11.032	958187
frame0021.ply	33.7737	41.9463	40.8109	5536	0.00574556	9.983	963526
frame0022.ply	33.7736	41.8763	40.8573	5384	0.00553404	11.316	972887
frame0023.ply	33.9523	42.0911	40.9124	5440	0.00563484	7.194	965423
frame0024.ply	33.8404	41.9855	40.9366	5432	0.00566913	11.05	958172
frame0025.ply	33.8369	41.9354	40.6847	5384	0.00561232	11.033	959318
frame0026.ply	33.7894	41.9632	40.7618	5296	0.0055862	8.865	948051
frame0027.ply	33.5598	41.9211	40.7688	5232	0.00555643	10.897	941611
frame0028.ply	33.5666	42.224	40.672	5264	0.00566092	9.954	929885
frame0029.ply	33.3539	41.9503	40.5856	5424	0.00587316	10.604	923523
frame0030.ply	33.2286	42.2331	40.7874	5480	0.00593493	10.608	923347
frame0031.ply	33.4034	42.2027	40.8943	5432	0.00585935	10.706	927066
frame0032.ply	33.2749	41.9506	40.6722	5440	0.00590394	9.492	921419
frame0033.ply	33.2675	42.1681	40.7274	5352	0.00577678	5.934	926468
frame0034.ply	33.3216	42.0576	40.6216	5312	0.00570401	10.817	931275
frame0035.ply	33.3973	42.0394	40.6696	5264	0.00573024	10.608	918635
frame0036.ply	33.1632	42.1193	40.5873	5576	0.00599484	10.687	930133
frame0037.ply	33.3624	42.1186	40.4158	5496	0.0059858	10.581	918173
frame0038.ply	33.3775	42.2258	40.5303	5304	0.00574264	10.63	923617
frame0039.ply	33.5417	42.2119	40.5741	5208	0.00567754	10.517	917298
frame0040.ply	33.1829	41.958	40.6423	5520	0.00593148	10.811	930627
frame0041.ply	33.4666	42.2113	40.7401	5344	0.00584848	10.599	913742
frame0042.ply	33.4124	41.9929	40.636	5464	0.00591039	10.628	924473
frame0043.ply	33.603	42.0858	40.5449	5160	0.00569814	9.402	905559
frame0044.ply	33.5101	41.7814	40.5841	5288	0.00584481	10.426	904735
frame0045.ply	33.5561	42.1301	40.8645	5104	0.00561239	10.464	909416
frame0046.ply	33.3113	41.9352	40.707	5352	0.00588378	10.447	909620
frame0047.ply	33.4526	41.7359	40.4118	5376	0.0059646	10.379	901318
frame0048.ply	33.054	41.8082	40.6555	6000	0.00661205	7.281	907434
frame0049.ply	33.4411	41.6782	40.3976	5384	0.00607969	10.319	885571
frame0050.ply	33.3789	41.5297	40.6377	5312	0.00589226	10.445	901521
frame0051.ply	33.4873	41.4334	40.6004	5232	0.00583806	9.137	896188
frame0052.ply	33.376	41.7221	40.764	5232	0.005866	10.29	891919
frame0053.ply	33.5911	42.0844	40.5667	5096	0.00572874	10.202	889550
frame0054.ply	33.4031	42.002	40.7215	5408	0.00597873	10.414	904540
frame0055.ply	33.5421	42.2238	40.8203	5312	0.005943	10.28	893825
frame0056.ply	33.5989	42.0299	40.629	5152	0.00572415	7.85	900046
frame0057.ply	33.7015	41.8405	41.1416	5192	0.00577872	10.378	898469
frame0058.ply	33.5637	41.791	40.5408	5472	0.00611157	10.169	895351
frame0059.ply	33.6238	42.1793	40.8792	5056	0.00566429	10.283	892609
frame0060.ply	33.7433	42.1962	40.9422	4952	0.0054788	10.478	903848
frame0061.ply	33.7343	42.0345	40.9131	5008	0.00554289	10.299	903500
frame0062.ply	33.694	41.8324	40.8035	4904	0.00539271	9.454	909375
frame0063.ply	34.0274	41.9041	40.8218	5056	0.00548336	10.448	922063
frame0064.ply	33.9278	42.1187	40.7911	5584	0.00568637	6.534	981998
frame0065.ply	33.7546	42.2578	40.6521	5952	0.0056975	11.673	1044668
frame0066.ply	33.2747	41.2492	39.4936	8416	0.01369589	13.797	1184649
frame0067.ply	33.5332	41.6061	39.9268	8104	0.01221007	15.092	1289003
frame0068.ply	32.8516	41.2325	39.1996	10448	0.01567778	16.016	1389266
frame0069.ply	32.3661	41.0335	38.8795	11704	0.01591002	16.493	1423669
frame0070.ply	33.0008	41.5843	39.3892	10384	0.01406497	17.171	1466694
frame0071.ply	32.7732	41.2664	39.3841	10728	0.01505987	11.66	1468667
frame0072.ply	32.9509	41.4278	39.3992	10312	0.01427568	16.926	1449437
frame0073.ply	32.5004	40.9454	38.9347	11184	0.0170484	16.95	1438471
frame0074.ply	33.0316	41.5402	39.4652	10112	0.01437133	16.841	1418866
frame0075.ply	32.9962	41.3941	39.0089	10704	0.01422452	17.333	1463456
frame0076.ply	33.0212	41.3248	39.4846	10592	0.01463166	17.164	1454905
frame0077.ply	33.2487	41.4456	39.5448	10408	0.01437277	15.566	1469391
frame0078.ply	32.6369	41.0736	38.993	11536	0.01674742	14.496	1459966
frame0079.ply	32.7589	41.0331	39.1798	11192	0.0152702	17.011	1451967
frame0080.ply	32.6659	40.9086	38.9174	11552	0.01588504	17.488	1475797
frame0081.ply	33.1897	41.1068	39.397	10496	0.01448513	17.199	1484814
frame0082.ply	32.4202	40.9259	39.0391	11848	0.01732914	14.819	1414040
frame0083.ply	33.0651	41.4491	39.5578	10208	0.01376819	17.239	1470959
frame0084.ply	32.5971	41.1023	39.0229	10880	0.01500831	16.843	1438796
frame0085.ply	32.9029	41.3043	39.3737	10576	0.01472652	16.872	1447874
frame0086.ply	32.8034	41.3264	39.2766	11032	0.01577746	17.203	1474871
frame0087.ply	32.4667	40.9477	39.0263	11560	0.01666348	16.847	1448832
frame0088.ply	32.7329	41.3499	39.5241	10928	0.01503371	17.548	1489816
frame0089.ply	32.85	41.2878	39.2186	10760	0.01441885	15.973	1487964
frame0090.ply	33.2866	41.4114	39.7033	10040	0.01400121	17.509	1490975
frame0091.ply	32.9606	41.358	39.1902	10760	0.0145444	11.3	1493848
frame0092.ply	32.9219	41.4217	39.0774	9432	0.01304627	13.831	1400977
frame0093.ply	33.063	41.3887	39.6711	8880	0.01314062	15.805	1335004
frame0094.ply	33.3754	41.4681	40.0173	8224	0.01333137	14.219	1219537
frame0095.ply	33.297	41.5087	40.5657	7120	0.00691332	11.838	1029896
frame0096.ply	33.7368	41.5266	40.3283	6072	0.00643978	9.829	942890
frame0097.ply	33.3853	41.7691	40.5986	5608	0.0061743	10.36	908281
frame0098.ply	33.3898	41.9114	40.8361	5456	0.00606213	10.07	900013
frame0099.ply	33.8173	41.7801	40.8408	5384	0.00587981	9.454	915676
frame0100.ply	33.5768	41.9834	40.8479	5344	0.00587466	10.455	909670
frame0101.ply	33.7807	41.7301	40.8957	5328	0.00576487	10.609	924218
frame0102.ply	33.8953	41.9487	40.928	5192	0.00569373	10.437	911880
frame0103.ply	33.794	41.8842	40.7847	5064	0.005589	10.244	906065
frame0104.ply	33.7493	42.0722	40.964	5128	0.00560422	10.567	915025
frame0105.ply	33.7754	42.0944	40.9899	5296	0.00569808	10.487	929436
frame0106.ply	33.7272	42.096	40.7262	5256	0.00559797	10.206	938912
frame0107.ply	33.7142	41.8162	40.5352	5384	0.00571456	10.669	942155
frame0108.ply	33.6509	41.9	40.3895	5808	0.00596678	11.258	973390
frame0109.ply	33.6847	42.0267	40.8461	5528	0.00564162	10.094	979861
frame0110.ply	33.4561	41.9696	40.7698	5584	0.00558125	7.514	1000493
frame0111.ply	33.6901	41.8922	40.7965	5584	0.00557968	10.082	1000774
frame0112.ply	33.6438	42.331	40.7004	5528	0.00551986	11.563	1001474
frame0113.ply	33.2921	42.0712	40.7017	6256	0.00610698	11.216	1024402
frame0114.ply	33.6976	42.044	41.0169	5624	0.00554633	11.734	1014004
frame0115.ply	33.6669	42.0118	40.5162	5848	0.00568969	11.044	1027824
frame0116.ply	33.7027	42.272	40.7283	5664	0.00550459	11.764	1028960
frame0117.ply	33.4108	42.2407	40.8241	5688	0.0055821	11.828	1018972
frame0118.ply	33.5653	42.2143	40.8921	5784	0.00571208	10.516	1012591
frame0119.ply	33.4254	41.9556	40.5088	5712	0.00570475	11.476	1001271
frame0120.ply	33.5132	41.8231	40.4448	5608	0.00555019	11.659	1010416
frame0121.ply	33.363	41.948	40.6401	5688	0.00585236	10.079	971916
frame0122.ply	33.5177	41.6717	40.9279	5776	0.00575592	8.344	1003489
frame0123.ply	33.7355	42.1383	40.9649	5544	0.0056546	11.337	980440
frame0124.ply	33.7294	42.4844	41.076	5296	0.0055495	11.046	954320
frame0125.ply	34.0083	42.5661	41.0797	4968	0.00521846	11.034	952005
frame0126.ply	33.6601	42.1829	40.9099	5184	0.00536943	9.016	965466
frame0127.ply	33.4904	42.2245	40.9764	5080	0.00559843	10.471	907397
frame0128.ply	33.7906	42.2294	40.7187	5088	0.00557374	9.55	912852
frame0129.ply	33.4597	42.3719	40.6802	5280	0.00568295	10.514	929095
frame0130.ply	33.774	42.1472	40.7387	4864	0.00540708	10.391	899562
frame0131.ply	33.6163	42.5053	40.8554	5072	0.00551622	9.321	919470
frame0132.ply	33.8031	42.6716	41.0681	4728	0.00548353	9.873	862219
frame0133.ply	33.7525	42.4856	41.1514	4928	0.00546644	10.411	901500
frame0134.ply	33.8566	42.5556	41.0707	4992	0.00562981	10.261	886708
frame0135.ply	33.7053	41.852	40.8799	5184	0.00579715	10.266	894232
frame0136.ply	33.8692	42.4342	40.8176	5072	0.00576221	9.73	880218
frame0137.ply	33.9615	42.2092	40.9985	4848	0.00543814	5.974	891481
frame0138.ply	33.9153	42.3327	40.512	5160	0.00581715	10.11	887033
frame0139.ply	34.0623	42.4038	40.9895	4872	0.00536037	10.498	908892
frame0140.ply	33.921	42.2578	40.7309	5080	0.00555378	10.44	914692
frame0141.ply	33.7162	42.3384	40.9046	5232	0.00569103	9.56	919341
frame0142.ply	33.7836	42.3041	40.7441	5328	0.00573851	10.734	928464
frame0143.ply	33.6893	42.2059	40.7726	4968	0.00541145	10.609	918053
frame0144.ply	33.741	42.4857	40.7465	5224	0.00552405	10.866	945683
frame0145.ply	33.7902	42.4753	40.9772	5440	0.00561362	11.243	969072
frame0146.ply	33.393	42.2063	40.6552	5784	0.00602114	9.908	960616
frame0147.ply	33.5737	42.2192	40.7981	5320	0.00566747	10.748	938690
frame0148.ply	33.5693	42.1141	40.89	5544	0.00576804	11.109	961158
frame0149.ply	33.7601	42.0541	40.8636	5304	0.00551376	11.013	961957
frame0150.ply	33.6086	41.9838	40.8203	5464	0.00568293	11.058	961476
frame0151.ply	33.4517	42.2196	40.7314	5688	0.00583316	11.304	975114
frame0152.ply	33.863	42.1594	40.9342	5616	0.00579705	11.185	968768
frame0153.ply	33.7464	42.0613	40.5645	5424	0.00558444	11.261	971271
frame0154.ply	33.6702	42.2159	40.7214	5360	0.0055608	6.467	963890
frame0155.ply	33.777	42.0533	40.7353	5344	0.00561242	7.986	952174
frame0156.ply	33.6986	42.0337	40.6253	5472	0.00578373	10.903	946103
frame0157.ply	33.8528	42.2345	40.7406	5168	0.00560731	10.643	921654
frame0158.ply	34.0319	42.4239	41.0522	4960	0.00542776	10.565	913820
frame0159.ply	33.8261	42.0391	41.0764	5408	0.00582121	10.719	929017
frame0160.ply	34.0452	42.3316	40.9811	5064	0.00568451	7.122	890842
frame0161.ply	34.0001	42.405	40.8509	5128	0.00557875	10.604	919202
frame0162.ply	33.8326	42.2576	40.7781	5072	0.00571541	10.248	887426
frame0163.ply	33.9112	42.0107	40.4364	5104	0.0056938	10.382	896414
frame0164.ply	33.7562	42.0862	40.5229	5312	0.00585146	10.452	907807
frame0165.ply	33.7461	42.3348	40.9518	4800	0.00549891	9.039	872900
frame0166.ply	33.8294	42.3859	41.1363	5160	0.0057181	10.427	902397
frame0167.ply	34.0791	42.018	41.0003	4928	0.00543713	10.459	906361
frame0168.ply	34.0791	42.3921	41.0979	4632	0.00513762	10.427	901584
frame0169.ply	34.0904	42.4557	41.1559	4664	0.00513986	9.682	907418
frame0170.ply	33.9416	42.2836	41.0479	4952	0.00541698	10.508	914163
frame0171.ply	34.0254	42.5628	41.0381	5040	0.00552684	10.457	911913
frame0172.ply	33.7389	42.3427	40.7708	5112	0.00552046	10.599	926009
frame0173.ply	33.7632	42.0761	40.8838	4984	0.00539532	9.228	923764
frame0174.ply	33.5992	42.0044	40.7903	5152	0.00542594	10.941	949513
frame0175.ply	33.9546	42.1657	40.978	5048	0.00528756	6.149	954693
frame0176.ply	34.1161	42.2582	41.0657	5072	0.00537062	10.445	944398
frame0177.ply	34.1443	42.3397	41.0397	5256	0.00547475	11.094	960043
frame0178.ply	33.9092	42.5387	41.0052	5008	0.00524336	11.197	955112
frame0179.ply	33.9726	42.4978	40.7275	5120	0.0053743	11.154	952683
frame0180.ply	33.6779	42.4362	40.9328	5432	0.00568512	10.845	955477
frame0181.ply	34.1387	42.4858	40.9914	4976	0.00527724	10.796	942918
frame0182.ply	33.8525	42.4035	41.0744	5032	0.0053441	10.894	941599
frame0183.ply	33.9915	42.3833	40.7997	5168	0.005441	10.911	949825
frame0184.ply	34.0624	42.4373	41.1204	5040	0.00536158	10.786	940022
frame0185.ply	33.8207	42.3828	41.1399	5384	0.00568723	10.881	946683
frame0186.ply	33.9225	42.3614	40.6255	5352	0.00566603	10.708	944577
frame0187.ply	33.9188	42.3728	40.6932	5256	0.00559432	9.741	939524
frame0188.ply	33.8932	42.4108	40.8037	5248	0.00561907	10.749	933962
frame0189.ply	33.7429	42.1359	40.9836	5416	0.00581743	10.57	930995
frame0190.ply	33.6798	41.8555	40.8925	5480	0.00586431	10.77	934466
frame0191.ply	33.8396	42.0203	40.7745	5208	0.00556952	10.732	935089
frame0192.ply	33.8213	41.8316	40.9217	5208	0.00560756	10.701	928746
frame0193.ply	33.768	42.0729	40.9292	5200	0.00556866	10.792	933797
frame0194.ply	33.7374	42.11	40.7417	5288	0.00564845	6.043	936186
frame0195.ply	33.6782	42.1008	40.7808	5232	0.0055816	10.801	937365
frame0196.ply	33.8089	41.8851	40.6733	5368	0.0057063	10.812	940715
frame0197.ply	33.7397	42.1516	40.652	5712	0.00602315	10.842	948341
frame0198.ply	33.8839	41.981	40.6252	5288	0.00559413	10.842	945276
frame0199.ply	33.9219	41.9078	40.6987	5240	0.00567574	9.116	923228
frame0200.ply	33.8635	41.9895	40.6381	5328	0.00573459	10.644	929098
frame0201.ply	33.6623	41.9119	40.5713	5288	0.00575385	10.588	919037
frame0202.ply	33.817	41.8704	40.2712	5280	0.00576789	10.582	915412
frame0203.ply	33.7417	41.8909	40.8165	5304	0.00573247	10.682	925256
frame0204.ply	33.763	42.2171	40.674	5080	0.00556099	10.581	913507
frame0205.ply	33.7857	42.217	40.588	5176	0.00566564	10.567	913577
frame0206.ply	33.9069	41.9038	40.7671	5104	0.00564525	10.435	904123
frame0207.ply	33.7112	42.2767	40.723	5216	0.00570974	10.475	913526
frame0208.ply	33.8083	42.3254	40.8905	5160	0.00568817	8.957	907146
frame0209.ply	33.8731	42.2959	40.8185	5224	0.00567629	6.853	920319
frame0210.ply	33.5995	42.3938	40.8532	5448	0.00592517	9.533	919468
frame0211.ply	33.6757	42.0864	40.9221	5344	0.00581321	5.321	919285
frame0212.ply	33.7053	42.3365	40.8723	5304	0.00569828	5.412	930808
frame0213.ply	33.6225	42.1655	40.8665	5336	0.00573657	5.397	930173
frame0214.ply	33.604	42.1334	40.8611	5312	0.00572406	5.349	928013
frame0215.ply	33.7379	42.128	40.8965	5208	0.00555046	5.469	938301
frame0000.ply	36.1341	43.4774	42.5441	9960	0.0103674	5.573	960703
frame0001.ply	36.2312	43.7065	42.648	10016	0.010519	9.919	952178
frame0002.ply	36.085	43.5037	42.5267	10288	0.0108394	11.107	949129
frame0003.ply	36.2169	43.7037	42.7301	10064	0.0105399	9.867	954852
frame0004.ply	36.1316	43.602	42.5365	10552	0.0109933	11.092	959854
frame0005.ply	36.13	43.732	42.7027	10208	0.0106346	11.054	959889
frame0006.ply	36.0985	43.6572	42.6945	10072	0.010567	11.007	953156
frame0007.ply	36.1885	43.5714	42.6159	10232	0.0108034	11.045	947112
frame0008.ply	36.1815	43.585	42.7006	10000	0.0104127	9.901	960368
frame0009.ply	36.115	43.6449	42.7111	10424	0.0108803	8.718	958061
frame0010.ply	36.0189	43.7508	42.7154	10800	0.0112914	8.158	956482
frame0011.ply	36.1326	43.7077	42.7475	10536	0.0110276	11.127	955417
frame0012.ply	36.1161	43.629	42.698	10624	0.0110827	11.079	958615
frame0013.ply	36.0442	43.5607	42.7776	10272	0.0107058	11.108	959478
frame0014.ply	36.1502	43.6732	42.7136	10464	0.0108142	11.21	967615
frame0015.ply	36.1284	43.5696	42.6118	10152	0.0105554	6.205	961783
frame0016.ply	36.2835	43.5988	42.6124	10080	0.010439	11.085	965612
frame0017.ply	36.1946	43.654	42.604	9920	0.0103527	11.026	958200
frame0018.ply	36.1329	43.6023	42.5989	9936	0.0104031	10.996	955097
frame0019.ply	36.2137	43.5952	42.5764	9912	0.0103147	11.077	960959
frame0020.ply	36.2695	43.6338	42.6416	10224	0.0106702	11.006	958187
frame0021.ply	36.1353	43.5504	42.6171	10288	0.0106774	11.116	963526
frame0022.ply	36.2293	43.7706	42.5992	10336	0.010624	11.175	972887
frame0023.ply	36.3023	43.5974	42.6988	10192	0.010557	11.108	965423
frame0024.ply	36.1978	43.5856	42.6091	10184	0.0106286	9.395	958172
frame0025.ply	36.13	43.616	42.412	10136	0.0105658	9.925	959318
frame0026.ply	36.1231	43.5486	42.4871	10064	0.0106155	10.901	948051
frame0027.ply	36.0091	43.6975	42.5397	10144	0.010773	10.878	941611
frame0028.ply	36.1387	43.8591	42.537	10096	0.0108573	10.652	929885
frame0029.ply	35.805	43.7448	42.3875	10448	0.0113132	10.661	923523
frame0030.ply	35.7153	43.7607	42.3428	10584	0.0114626	10.582	923347
frame0031.ply	35.7228	43.7183	42.6462	10192	0.0109938	10.453	927066
frame0032.ply	35.6311	43.5119	42.4707	10312	0.0111914	9.795	921419
frame0033.ply	35.6033	43.7722	42.683	10392	0.0112168	10.703	926468
frame0034.ply	35.5734	43.5441	42.3993	10360	0.0111245	10.823	931275
frame0035.ply	35.6288	43.6303	42.517	10120	0.0110163	5.781	918635
frame0036.ply	35.4427	43.4347	42.3601	10560	0.0113532	10.734	930133
frame0037.ply	35.7075	43.4891	42.424	10600	0.0115447	10.21	918173
frame0038.ply	35.7457	43.505	42.4537	10352	0.0112081	9.311	923617
frame0039.ply	35.7469	43.5738	42.5637	9864	0.0107533	10.254	917298
frame0040.ply	35.545	43.5078	42.3186	10616	0.0114074	10.756	930627
frame0041.ply	35.8885	43.7086	42.3653	10000	0.010944	10.687	913742
frame0042.ply	35.6731	43.6802	42.4847	10744	0.0116218	10.718	924473
frame0043.ply	35.9658	43.5625	42.5086	9656	0.010663	8.625	905559
frame0044.ply	35.9076	43.2983	42.4096	10096	0.0111591	9.563	904735
frame0045.ply	35.8979	43.6362	42.5863	9976	0.0109697	9.677	909416
frame0046.ply	35.6336	43.5146	42.4811	9984	0.010976	9.667	909620
frame0047.ply	35.7378	43.7415	42.4077	9808	0.0108818	9.591	901318
frame0048.ply	35.4101	43.4774	42.252	11328	0.0124836	7.839	907434
frame0049.ply	35.6703	43.5272	42.4824	9992	0.0112831	9.357	885571
frame0050.ply	35.7472	43.3145	42.4079	10240	0.0113586	9.62	901521
frame0051.ply	35.8865	43.2991	42.3193	10120	0.0112923	9.549	896188
frame0052.ply	35.7831	43.5279	42.4395	10016	0.0112297	9.512	891919
frame0053.ply	35.917	43.541	42.5343	9840	0.0110618	6.024	889550
frame0054.ply	35.7201	43.3572	42.5603	10264	0.0113472	9.744	904540
frame0055.ply	35.7967	43.6145	42.5867	9928	0.0111073	8.271	893825
frame0056.ply	35.9561	43.295	42.7326	10024	0.0111372	9.724	900046
frame0057.ply	35.9552	43.703	42.5697	9696	0.0107917	9.436	898469
frame0058.ply	35.9307	43.3333	42.5661	9896	0.0110526	9.494	895351
frame0059.ply	36.1704	43.5649	42.8069	9688	0.0108536	5.665	892609
frame0060.ply	36.0817	43.7093	42.8675	9456	0.0104619	8.653	903848
frame0061.ply	36.0374	43.6351	42.6035	9368	0.0103686	9.607	903500
frame0062.ply	36.0939	43.5961	42.5913	9512	0.0104599	8.844	909375
frame0063.ply	36.286	43.4546	42.6008	9232	0.0100123	9.833	922063
frame0064.ply	36.2906	43.5385	42.4642	10408	0.0105988	10.322	981998
frame0065.ply	36.2328	43.6978	42.4014	11200	0.0107211	10.939	1044668
frame0066.ply	35.8083	43.1009	41.6613	15208	0.0243121	12.746	1184649
frame0067.ply	36.0348	43.4221	41.9206	15216	0.0230563	13.783	1289003
frame0068.ply	35.3293	42.9545	41.3087	19832	0.0299152	14.704	1389266
frame0069.ply	34.8086	42.8549	40.9151	22432	0.0300571	15.322	1423669
frame0070.ply	35.4046	43.195	41.5876	19080	0.0255667	15.826	1466694
frame0071.ply	35.1473	43.0605	41.4528	20120	0.0281284	15.918	1468667
frame0072.ply	35.2597	43.1081	41.6757	18896	0.026288	15.682	1449437
frame0073.ply	34.9794	42.6784	40.8959	20752	0.0314308	15.543	1438471
frame0074.ply	35.3493	43.0499	41.3435	18624	0.0263205	15.445	1418866
frame0075.ply	35.3503	42.9234	41.1616	19856	0.0263438	15.948	1463456
frame0076.ply	35.3639	43.0604	41.4644	18936	0.0261793	15.72	1454905
frame0077.ply	35.7211	43.1985	41.5446	18400	0.025494	15.973	1469391
frame0078.ply	35.1481	42.5315	41.0217	21064	0.0304155	14.288	1459966
frame0079.ply	35.1002	42.8627	41.0216	20280	0.0275809	15.275	1451967
frame0080.ply	35.1068	42.6681	41.0112	20992	0.0287936	8.844	1475797
frame0081.ply	35.5681	43.0683	41.4719	19064	0.0257829	16.057	1484814
frame0082.ply	34.9139	42.4299	40.9048	21472	0.0312883	15.464	1414040
frame0083.ply	35.4358	43.1705	41.5029	18848	0.0253409	15.752	1470959
frame0084.ply	35.126	42.7422	40.8645	20376	0.0281644	15.615	1438796
frame0085.ply	35.283	42.9194	41.4444	19488	0.0270262	15.421	1447874
frame0086.ply	35.213	43.0042	41.1841	20296	0.0288327	15.915	1474871
frame0087.ply	34.8954	42.6786	41.1002	21024	0.0299441	15.649	1448832
frame0088.ply	35.2174	43.0365	41.3353	19960	0.0271529	15.913	1489816
frame0089.ply	35.2871	42.9706	41.2376	19880	0.0266884	16.09	1487964
frame0090.ply	35.6745	43.3411	41.6484	18760	0.0260266	15.967	1490975
frame0091.ply	35.3705	43.1242	41.0618	19776	0.0263528	15.609	1493848
frame0092.ply	35.2779	43.0874	41.1702	18072	0.0251751	8.387	1400977
frame0093.ply	35.3157	43.1614	41.5807	16936	0.0250243	13.793	1335004
frame0094.ply	35.6518	43.3251	41.9981	14872	0.024152	13.186	1219537
frame0095.ply	35.7006	43.5177	42.1808	12896	0.0125217	10.865	1029896
frame0096.ply	36.0691	43.3648	42.3757	11008	0.0116747	9.921	942890
frame0097.ply	35.6963	43.4877	42.3807	10632	0.0117056	9.518	908281
frame0098.ply	35.8759	43.6581	42.7635	10408	0.0115643	8.633	900013
frame0099.ply	36.1682	43.7492	42.8682	9776	0.0106763	10.503	915676
frame0100.ply	36.0126	43.8314	42.6196	10192	0.0112041	9.423	909670
frame0101.ply	36.1604	43.7103	42.6566	9800	0.0106036	10.611	924218
frame0102.ply	36.2449	43.7909	42.5639	9640	0.0105716	10.474	911880
frame0103.ply	36.085	43.826	42.6186	9760	0.0107719	10.343	906065
frame0104.ply	36.1367	43.937	42.9162	9616	0.010509	10.485	915025
frame0105.ply	36.2115	43.8215	42.714	10056	0.0108195	9.081	929436
frame0106.ply	35.9994	43.8708	42.784	10056	0.0107103	6.941	938912
frame0107.ply	36.0684	43.9142	42.715	10072	0.0106904	10.067	942155
frame0108.ply	35.9262	43.4329	42.5273	10800	0.0110952	10.026	973390
frame0109.ply	36.0856	44.0049	42.6004	10280	0.0104913	11.269	979861
frame0110.ply	35.776	43.8581	42.6221	10976	0.0109706	11.503	1000493
frame0111.ply	36.0108	43.9752	42.7781	10776	0.0107677	11.397	1000774
frame0112.ply	35.8851	43.9799	42.6839	10608	0.0105924	11.173	1001474
frame0113.ply	35.5693	43.8371	42.6441	11848	0.0115658	11.882	1024402
frame0114.ply	35.8814	44.0681	42.5938	10672	0.0105246	11.696	1014004
frame0115.ply	35.8574	43.6781	42.5499	11112	0.0108112	11.467	1027824
frame0116.ply	35.9129	43.6316	42.4831	10744	0.0104416	11.856	1028960
frame0117.ply	35.7914	43.7681	42.4313	11056	0.0108502	10.593	1018972
frame0118.ply	35.914	43.8774	42.3743	10912	0.0107763	6.392	1012591
frame0119.ply	35.7021	43.5293	42.5208	11216	0.0112018	11.489	1001271
frame0120.ply	35.8989	43.7406	42.3818	10912	0.0107995	10.88	1010416
frame0121.ply	35.7053	43.5048	42.6258	11072	0.0113919	11.278	971916
frame0122.ply	35.8863	43.6005	42.7502	11312	0.0112727	11.606	1003489
frame0123.ply	36.1597	43.9242	42.7635	10720	0.0109339	11.317	980440
frame0124.ply	36.1531	44.0612	42.874	10168	0.0106547	10.964	954320
frame0125.ply	36.3319	43.8918	43.0661	9448	0.00992432	10.985	952005
frame0126.ply	36.1346	43.805	42.687	10008	0.010366	9.734	965466
frame0127.ply	36.0075	43.9521	42.8657	9832	0.0108354	9.441	907397
frame0128.ply	36.0355	43.7101	42.6558	9520	0.0104289	10.546	912852
frame0129.ply	35.8156	43.7194	42.4849	10440	0.0112367	10.719	929095
frame0130.ply	36.0527	43.699	42.6458	9064	0.010076	10.369	899562
frame0131.ply	36.0629	43.7811	42.5063	9896	0.0107627	8.706	919470
frame0132.ply	36.281	44.0851	42.7715	8808	0.0102155	9.932	862219
frame0133.ply	36.2309	44.0218	42.6798	9584	0.0106312	10.396	901500
frame0134.ply	36.2479	44.1014	42.6971	9304	0.0104927	10.26	886708
frame0135.ply	36.0896	43.7745	42.4618	9712	0.0108607	9.654	894232
frame0136.ply	36.2874	43.8378	42.7195	9216	0.0104701	10.148	880218
frame0137.ply	36.4352	43.8998	42.7509	8904	0.00998787	10.177	891481
frame0138.ply	36.3096	43.936	42.5569	9080	0.0102364	10.221	887033
frame0139.ply	36.4118	44.0149	42.7976	8952	0.00984936	5.826	908892
frame0140.ply	36.3461	43.9952	42.8	9552	0.0104429	10.525	914692
frame0141.ply	36.1482	43.7882	42.8329	9616	0.0104597	10.625	919341
frame0142.ply	36.0396	43.9213	42.6273	10176	0.01096	10.738	928464
frame0143.ply	36.272	43.9152	42.6931	9768	0.0106399	10.566	918053
frame0144.ply	36.1583	44.2513	42.9251	9936	0.0105067	10.018	945683
frame0145.ply	36.0187	43.9955	42.7359	10192	0.0105173	11.226	969072
frame0146.ply	35.669	43.8055	42.47	11048	0.011501	11.139	960616
frame0147.ply	35.9368	43.8512	42.5839	10208	0.0108747	10.808	938690
frame0148.ply	35.8987	43.8941	42.3696	10576	0.0110034	10.949	961158
frame0149.ply	36.1322	43.8215	42.6414	10136	0.0105369	6.049	961957
frame0150.ply	36.0503	43.6921	42.6706	10432	0.01085	11.154	961476
frame0151.ply	35.7993	43.7603	42.6613	10560	0.0108295	10.102	975114
frame0152.ply	36.2113	43.9313	42.797	10160	0.0104875	11.207	968768
frame0153.ply	36.0218	43.8373	42.5772	10424	0.0107323	11.231	971271
frame0154.ply	35.9662	43.9035	42.7929	10208	0.0105904	11.132	963890
frame0155.ply	36.1258	43.9619	42.7482	10136	0.0106451	10.953	952174
frame0156.ply	36.0565	43.8199	42.6048	10424	0.0110178	9.568	946103
frame0157.ply	36.1276	43.8754	42.5047	9880	0.0107199	10.594	921654
frame0158.ply	36.3758	44.0693	42.9641	9216	0.0100851	7.841	913820
frame0159.ply	36.2457	43.9923	42.8272	9952	0.0107124	7.534	929017
frame0160.ply	36.5487	44.0947	42.888	9272	0.0104081	10.29	890842
frame0161.ply	36.3788	43.999	42.8417	9336	0.0101566	10.558	919202
frame0162.ply	36.3681	43.9335	42.7129	9648	0.0108719	10.327	887426
frame0163.ply	36.434	43.8631	42.5884	9664	0.0107807	10.315	896414
frame0164.ply	36.2569	43.7736	42.3857	10048	0.0110684	10.438	907807
frame0165.ply	36.26	43.8817	42.767	9192	0.0105304	10.056	872900
frame0166.ply	36.2864	43.8606	42.5187	9752	0.0108068	10.368	902397
frame0167.ply	36.4531	43.9916	42.8778	9040	0.00997395	10.198	906361
frame0168.ply	36.3543	44.2565	42.9308	8776	0.00973398	9.34	901584
frame0169.ply	36.4716	44.1948	42.9616	8824	0.00972429	10.492	907418
frame0170.ply	36.3978	43.9548	43.1518	9344	0.0102214	10.526	914163
frame0171.ply	36.378	43.9136	42.7115	9456	0.0103694	9.467	911913
frame0172.ply	36.0396	43.8661	42.4016	9760	0.0105399	10.651	926009
frame0173.ply	36.1807	43.7121	42.6299	9592	0.0103836	10.654	923764
frame0174.ply	36.0772	43.905	42.7169	10032	0.0105654	10.998	949513
frame0175.ply	36.1272	43.9668	42.7603	9824	0.0102902	11.037	954693
frame0176.ply	36.4013	44.0457	42.8435	9280	0.00982637	10.879	944398
frame0177.ply	36.4166	43.9206	42.9881	9592	0.00999122	6.07	960043
frame0178.ply	36.3332	44.0957	42.8257	9568	0.0100177	11.014	955112
frame0179.ply	36.2314	43.8314	42.6985	9696	0.0101776	10.986	952683
frame0180.ply	36.1584	43.63	42.6244	10200	0.0106753	11.048	955477
frame0181.ply	36.512	43.9019	42.9383	9272	0.0098333	10.905	942918
frame0182.ply	36.2055	43.8528	42.9104	9752	0.0103569	9.344	941599
frame0183.ply	36.3402	43.7366	42.8482	9720	0.0102335	10.954	949825
frame0184.ply	36.5071	44.0561	42.9872	9528	0.0101359	6.643	940022
frame0185.ply	36.1089	43.6181	42.513	9856	0.0104111	10.914	946683
frame0186.ply	36.2564	43.8402	42.6516	9792	0.0103665	9.87	944577
frame0187.ply	36.2825	43.8541	42.6803	9648	0.010269	10.818	939524
frame0188.ply	36.2978	43.7684	42.6768	9776	0.0104672	10.795	933962
frame0189.ply	36.0459	43.6815	42.6363	9888	0.0106209	10.726	930995
frame0190.ply	36.169	43.5537	42.6425	10056	0.0107612	9.702	934466
frame0191.ply	36.0909	43.4615	42.458	10112	0.0108139	10.854	935089
frame0192.ply	36.2073	43.5797	42.7321	9840	0.0105949	10.743	928746
frame0193.ply	36.2056	43.7091	42.7593	9816	0.0105119	9.32	933797
frame0194.ply	36.1918	43.6054	42.5046	10128	0.0108184	10.137	936186
frame0195.ply	36.1664	43.5741	42.7638	10208	0.0108901	10.78	937365
frame0196.ply	36.163	43.5648	42.5673	10160	0.0108003	10.831	940715
frame0197.ply	36.1979	43.5381	42.6214	10512	0.0110846	10.878	948341
frame0198.ply	36.1654	43.5522	42.7164	9784	0.0103504	10.894	945276
frame0199.ply	36.1933	43.638	42.5926	9632	0.010433	10.633	923228
frame0200.ply	36.1404	43.8526	42.711	9848	0.0105995	10.691	929098
frame0201.ply	36.0991	43.6758	42.5521	9896	0.0107678	10.577	919037
frame0202.ply	36.1883	43.6212	42.5275	9704	0.0106007	9.46	915412
frame0203.ply	36.2035	43.7029	42.7622	9768	0.0105571	5.814	925256
frame0204.ply	36.3208	43.6883	42.615	9568	0.0104739	9.06	913507
frame0205.ply	36.225	43.4124	42.5372	9712	0.0106307	10.547	913577
frame0206.ply	36.2036	43.6074	42.592	9440	0.0104411	10.395	904123
frame0207.ply	36.1807	43.6707	42.614	9560	0.0104649	10.552	913526
frame0208.ply	36.2	43.8292	42.6839	9376	0.0103357	10.428	907146
frame0209.ply	36.2222	43.794	42.7131	9816	0.0106659	10.648	920319
frame0210.ply	36.0516	43.8027	42.6685	10056	0.0109368	10.593	919468
frame0211.ply	35.9751	43.7367	42.7006	9832	0.0106953	5.346	919285
frame0212.ply	36.1463	43.6889	42.7212	9856	0.0105886	5.407	930808
frame0213.ply	36.012	43.6549	42.56	10080	0.0108367	5.414	930173
frame0214.ply	36.119	43.7101	42.7355	10080	0.0108619	5.378	928013
frame0215.ply	36.0197	43.8274	42.8243	9616	0.0102483	5.458	938301
frame0000.ply	38.8035	45.3299	44.5382	21368	0.022242	5.594	960703
frame0001.ply	38.9191	45.4545	44.7523	21448	0.0225252	10.985	952178
frame0002.ply	38.8271	45.2622	44.561	21592	0.0227493	10.947	949129
frame0003.ply	38.9135	45.5138	44.6968	21352	0.0223616	11.053	954852
frame0004.ply	38.7647	45.2756	44.5442	21840	0.0227535	11.062	959854
frame0005.ply	38.944	45.4481	44.7525	21680	0.0225859	10.011	959889
frame0006.ply	38.898	45.4408	44.7034	21584	0.0226448	11.079	953156
frame0007.ply	38.868	45.4962	44.6711	21584	0.0227893	7.45	947112
frame0008.ply	39.0541	45.4445	44.7351	21240	0.0221165	11.1	960368
frame0009.ply	38.9051	45.3745	44.6936	22088	0.0230549	11.079	958061
frame0010.ply	38.8423	45.3628	44.6539	22560	0.0235864	11.101	956482
frame0011.ply	38.8686	45.2794	44.6648	21848	0.0228675	11.014	955417
frame0012.ply	38.8919	45.4522	44.6448	22336	0.0233003	8.798	958615
frame0013.ply	38.8992	45.5041	44.6358	21872	0.0227957	9.965	959478
frame0014.ply	38.8986	45.5444	44.6383	22056	0.0227942	10.554	967615
frame0015.ply	38.9001	45.4535	44.6347	21520	0.0223751	8.08	961783
frame0016.ply	38.9862	45.4843	44.6956	21200	0.021955	11.229	965612
frame0017.ply	38.9869	45.5742	44.73	21176	0.0220998	11.041	958200
frame0018.ply	38.9089	45.4768	44.4977	21480	0.0224899	10.904	955097
frame0019.ply	38.9389	45.6702	44.7282	21560	0.0224359	11.069	960959
frame0020.ply	38.9565	45.4106	44.6105	21424	0.0223589	11.072	958187
frame0021.ply	38.8647	45.4077	44.5911	21408	0.0222184	11.109	963526
frame0022.ply	38.9141	45.5636	44.7026	22032	0.022646	11.317	972887
frame0023.ply	38.9483	45.6402	44.6641	20864	0.0216113	11.113	965423
frame0024.ply	38.9825	45.4741	44.605	21352	0.0222841	11.055	958172
frame0025.ply	38.8948	45.5184	44.5292	21368	0.0222742	7.52	959318
frame0026.ply	38.8455	45.4736	44.5979	21368	0.0225389	10.928	948051
frame0027.ply	38.839	45.4404	44.4746	21672	0.0230159	10.835	941611
frame0028.ply	38.911	45.5897	44.5137	21240	0.0228415	9.64	929885
frame0029.ply	38.7673	45.565	44.5779	22312	0.0241597	10.681	923523
frame0030.ply	38.5747	45.6491	44.5239	22424	0.0242856	10.604	923347
frame0031.ply	38.6687	45.5348	44.4507	22512	0.0242831	9.599	927066
frame0032.ply	38.5183	45.5261	44.3625	22440	0.0243537	10.694	921419
frame0033.ply	38.5536	45.5213	44.687	22832	0.0246441	10.714	926468
frame0034.ply	38.4062	45.3515	44.4795	23024	0.0247231	10.767	931275
frame0035.ply	38.5255	45.4442	44.5801	22408	0.0243927	10.607	918635
frame0036.ply	38.4105	45.2137	44.3918	23312	0.0250631	10.726	930133
frame0037.ply	38.6127	45.4391	44.4815	22592	0.0246054	10.668	918173
frame0038.ply	38.6268	45.4588	44.5722	22048	0.0238714	5.816	923617
frame0039.ply	38.6359	45.4749	44.5822	21504	0.0234428	10.593	917298
frame0040.ply	38.5305	45.3088	44.3724	23040	0.0247575	10.776	930627
frame0041.ply	38.7593	45.4922	44.6144	21648	0.0236916	10.535	913742
frame0042.ply	38.665	45.4015	44.6034	22624	0.0244723	10.692	924473
frame0043.ply	38.8422	45.4669	44.6018	20776	0.0229427	9.496	905559
frame0044.ply	38.7232	45.4445	44.6165	21552	0.0238213	6.633	904735
frame0045.ply	38.7746	45.3163	44.5456	21336	0.0234612	10.524	909416
frame0046.ply	38.4496	45.2141	44.5369	22224	0.0244322	10.51	909620
frame0047.ply	38.6745	45.2302	44.4322	21320	0.0236542	10.413	901318
frame0048.ply	38.4064	45.0594	44.3799	24264	0.0267391	10.432	907434
frame0049.ply	38.5195	45.2318	44.4319	21768	0.0245808	8.266	885571
frame0050.ply	38.6932	45.1307	44.4441	21976	0.0243766	10.431	901521
frame0051.ply	38.682	45.2183	44.445	21552	0.0240485	10.332	896188
frame0052.ply	38.6953	45.2418	44.3489	21784	0.0244237	10.315	891919
frame0053.ply	38.732	45.3367	44.5014	21280	0.0239222	10.254	889550
frame0054.ply	38.6232	45.2243	44.4956	22552	0.024932	9.38	904540
frame0055.ply	38.7302	45.3617	44.4646	21424	0.0239689	10.385	893825
frame0056.ply	38.7704	45.221	44.5502	21144	0.0234921	9.499	900046
frame0057.ply	38.8667	45.4315	44.6792	20768	0.0231149	10.408	898469
frame0058.ply	38.7882	45.2163	44.5083	21392	0.0238923	10.353	895351
frame0059.ply	38.935	45.2947	44.6684	20464	0.0229261	10.295	892609
frame0060.ply	38.9019	45.3338	44.5728	20288	0.0224463	9.388	903848
frame0061.ply	38.8685	45.283	44.5329	20592	0.0227914	10.274	903500
frame0062.ply	38.9649	45.3215	44.6069	20672	0.0227321	10.409	909375
frame0063.ply	39.1224	45.431	44.71	20088	0.0217859	10.381	922063
frame0064.ply	39.1375	45.4401	44.4762	21840	0.0222404	11.216	981998
frame0065.ply	39.1115	45.3907	44.4844	23576	0.0225679	6.749	1044668
frame0066.ply	38.6966	45.1558	43.8499	31000	0.0490261	11.349	1184649
frame0067.ply	38.9698	45.5156	44.1068	31608	0.0476764	15.073	1289003
frame0068.ply	38.3049	45.0187	43.5439	41656	0.0625096	14.945	1389266
frame0069.ply	37.8803	44.7819	43.2505	48376	0.0642876	16.665	1423669
frame0070.ply	38.3078	45.0253	43.6882	40904	0.0539452	17.071	1466694
frame0071.ply	37.9773	44.8755	43.5504	42936	0.0602071	17.243	1468667
frame0072.ply	38.0817	44.9589	43.7557	40024	0.0557216	16.746	1449437
frame0073.ply	37.9171	44.616	43.1917	44416	0.0678442	16.98	1438471
frame0074.ply	38.1925	45.0057	43.495	38952	0.0547496	9.13	1418866
frame0075.ply	38.1768	44.9569	43.2504	41216	0.0541869	17.179	1463456
frame0076.ply	38.2607	44.8999	43.5699	40264	0.0553952	16.613	1454905
frame0077.ply	38.5334	45.1094	43.8075	37616	0.0517418	17.484	1469391
frame0078.ply	37.9577	44.7233	43.2734	43488	0.0623194	17.444	1459966
frame0079.ply	37.9914	44.7088	43.2332	43312	0.0585395	16.92	1451967
frame0080.ply	38.0435	44.6842	43.2578	44368	0.0607728	17.4	1475797
frame0081.ply	38.476	45.0142	43.7429	39184	0.0529923	17.517	1484814
frame0082.ply	37.8259	44.4453	43.0916	44568	0.064469	16.504	1414040
frame0083.ply	38.2975	45.0816	43.5728	39856	0.0533607	15.551	1470959
frame0084.ply	38.0463	44.6667	43.2671	42744	0.0588516	15.161	1438796
frame0085.ply	38.1293	44.9262	43.5802	41080	0.0565987	17.011	1447874
frame0086.ply	38.0708	44.784	43.4267	42080	0.0593306	16.9	1474871
frame0087.ply	37.8098	44.4847	43.177	44184	0.0623336	13.487	1448832
frame0088.ply	38.0686	44.8939	43.5634	41736	0.0561883	16.389	1489816
frame0089.ply	38.1444	44.9218	43.4074	42224	0.0561605	17.159	1487964
frame0090.ply	38.4819	45.1709	43.8989	38576	0.0528045	17.197	1490975
frame0091.ply	38.2312	45.0698	43.5354	41856	0.0550715	17.47	1493848
frame0092.ply	38.0594	45.0682	43.3551	39520	0.0551038	11.734	1400977
frame0093.ply	38.1632	45.0277	43.7341	37272	0.055089	15.038	1335004
frame0094.ply	38.5356	45.2131	44.1456	31736	0.0514362	14.279	1219537
frame0095.ply	38.6338	45.3317	44.4855	26952	0.0261696	10.743	1029896
frame0096.ply	38.9545	45.4761	44.5603	22768	0.024147	10.786	942890
frame0097.ply	38.6106	45.2247	44.4136	22472	0.0247412	10.356	908281
frame0098.ply	38.7526	45.4687	44.6772	21752	0.0241685	10.297	900013
frame0099.ply	39.0024	45.5771	44.8066	20504	0.0223922	10.158	915676
frame0100.ply	38.8833	45.5984	44.6937	21392	0.0235162	7.064	909670
frame0101.ply	39.0627	45.5116	44.6337	21064	0.0227912	10.655	924218
frame0102.ply	39.1065	45.6882	44.7948	20296	0.0222573	9.46	911880
frame0103.ply	38.9623	45.542	44.6315	20144	0.0222324	9.088	906065
frame0104.ply	38.9852	45.5045	44.6949	20152	0.0220234	7.983	915025
frame0105.ply	38.9807	45.6709	44.5651	20808	0.0223878	10.594	929436
frame0106.ply	38.885	45.7623	44.7611	21640	0.023048	10.569	938912
frame0107.ply	39.0372	45.787	44.5953	21312	0.0226205	10.877	942155
frame0108.ply	38.7346	45.6387	44.6355	23256	0.0238918	11.211	973390
frame0109.ply	38.9822	45.7413	44.6972	22208	0.0226644	11.279	979861
frame0110.ply	38.6873	45.7566	44.6304	24080	0.0240681	11.599	1000493
frame0111.ply	38.9298	45.8959	44.8091	22968	0.0229502	11.562	1000774
frame0112.ply	38.8168	45.8541	44.773	22816	0.0227824	11.602	1001474
frame0113.ply	38.5306	45.5522	44.4847	25736	0.0251229	11.816	1024402
frame0114.ply	38.7183	45.651	44.6275	23368	0.0230453	11.622	1014004
frame0115.ply	38.6584	45.6351	44.6768	24264	0.0236072	11.896	1027824
frame0116.ply	38.7362	45.6369	44.651	23760	0.0230913	6.892	1028960
frame0117.ply	38.5895	45.6215	44.3956	23968	0.0235217	11.8	1018972
frame0118.ply	38.6967	45.6507	44.6096	23608	0.0233144	10.932	1012591
frame0119.ply	38.6058	45.5466	44.4683	24312	0.0242811	11.147	1001271
frame0120.ply	38.6797	45.5443	44.7105	23296	0.0230559	11.719	1010416
frame0121.ply	38.5219	45.4328	44.5438	24304	0.0250063	11.26	971916
frame0122.ply	38.7789	45.7345	44.6929	23544	0.0234621	11.652	1003489
frame0123.ply	38.9709	45.856	44.9582	22384	0.0228306	11.399	980440
frame0124.ply	38.9686	45.9624	44.8779	21480	0.0225082	10.086	954320
frame0125.ply	39.2351	45.9735	45.0972	20096	0.0211091	10.958	952005
frame0126.ply	38.9486	45.8939	44.8567	21568	0.0223395	11.125	965466
frame0127.ply	38.9661	45.6747	44.7931	21640	0.0238484	10.499	907397
frame0128.ply	38.9315	45.8728	44.8445	20896	0.0228909	10.489	912852
frame0129.ply	38.7958	45.626	44.7121	22496	0.0242128	10.725	929095
frame0130.ply	38.9951	45.5264	44.6056	20200	0.0224554	10.309	899562
frame0131.ply	39.0541	45.69	44.5733	20744	0.0225608	10.543	919470
frame0132.ply	39.1739	45.6655	44.9268	18512	0.0214702	8.702	862219
frame0133.ply	39.1848	45.8126	44.8099	20024	0.0222119	5.666	901500
frame0134.ply	39.1484	45.8367	44.7837	19744	0.0222666	10.322	886708
frame0135.ply	39.0215	45.673	44.7789	21048	0.0235375	10.358	894232
frame0136.ply	39.1637	45.7641	44.7554	19504	0.0221581	9.14	880218
frame0137.ply	39.2897	45.8328	44.8628	18856	0.0211513	10.264	891481
frame0138.ply	39.2012	45.6561	44.7393	19296	0.0217534	10.221	887033
frame0139.ply	39.1954	45.8611	45.0747	19032	0.0209398	10.495	908892
frame0140.ply	39.2425	45.8111	44.7832	20200	0.0220839	10.332	914692
frame0141.ply	39.1483	45.6682	44.6134	20640	0.0224509	9.974	919341
frame0142.ply	39.0421	45.7366	44.6466	21360	0.0230057	10.733	928464
frame0143.ply	39.089	45.7306	44.6352	20424	0.0222471	7.084	918053
frame0144.ply	39.0573	45.9089	44.8354	21304	0.0225276	10.918	945683
frame0145.ply	38.9433	45.613	44.757	22624	0.023346	11.221	969072
frame0146.ply	38.5307	45.6184	44.5394	23776	0.0247508	11.112	960616
frame0147.ply	38.836	45.6086	44.7017	22144	0.0235903	10.926	938690
frame0148.ply	38.7688	45.7678	44.7354	22704	0.0236215	11.168	961158
frame0149.ply	38.8534	45.7347	44.7099	21408	0.0222546	9.007	961957
frame0150.ply	38.9429	45.6176	44.6891	21888	0.022765	11.241	961476
frame0151.ply	38.6728	45.7071	44.6196	23464	0.0240628	11.069	975114
frame0152.ply	39.0232	45.7768	44.9439	21280	0.021966	10.017	968768
frame0153.ply	38.8701	45.6764	44.6546	22208	0.0228649	10.124	971271
frame0154.ply	38.7538	45.6121	44.7034	22032	0.0228574	11.198	963890
frame0155.ply	38.8675	45.8106	44.7333	21320	0.0223909	9.847	952174
frame0156.ply	38.8696	45.7087	44.6984	21752	0.0229912	10.863	946103
frame0157.ply	39.0747	45.7237	44.7451	20776	0.0225421	10.599	921654
frame0158.ply	39.1803	46.0018	44.9856	19416	0.0212471	10.616	913820
frame0159.ply	39.1389	45.811	44.9382	20544	0.0221137	10.753	929017
frame0160.ply	39.3693	45.7316	45.0324	19232	0.0215886	10.262	890842
frame0161.ply	39.2269	45.764	45.0042	19920	0.021671	10.624	919202
frame0162.ply	39.195	45.7127	44.8133	19656	0.0221495	5.619	887426
frame0163.ply	39.3507	45.6284	44.8238	19576	0.0218381	10.326	896414
frame0164.ply	39.1383	45.5937	44.6838	20448	0.0225246	9.048	907807
frame0165.ply	39.1533	45.6793	44.8478	19312	0.022124	10.072	872900
frame0166.ply	39.1634	45.7995	44.7569	20224	0.0224114	10.413	902397
frame0167.ply	39.417	45.9451	44.955	19096	0.0210689	10.448	906361
frame0168.ply	39.296	45.8704	44.9915	18904	0.0209675	10.327	901584
frame0169.ply	39.351	45.9598	44.9465	18456	0.020339	9.741	907418
frame0170.ply	39.2558	45.9366	44.9517	19416	0.0212391	10.52	914163
frame0171.ply	39.2314	45.7977	44.8474	19752	0.02166	10.574	911913
frame0172.ply	38.8758	45.6329	44.5025	21072	0.0227557	9.342	926009
frame0173.ply	39.0302	45.6218	44.6538	20280	0.0219537	6.196	923764
frame0174.ply	38.8147	45.487	44.6031	22040	0.0232119	10.975	949513
frame0175.ply	38.9724	45.6236	44.6158	21224	0.0222312	9.971	954693
frame0176.ply	39.2495	45.7711	44.8716	20064	0.0212453	10.98	944398
frame0177.ply	39.1015	45.7362	44.822	20272	0.0211157	11.1	960043
frame0178.ply	39.0303	45.8429	44.8414	20576	0.021543	11.036	955112
frame0179.ply	39.0198	45.6523	44.5887	20688	0.0217155	11.073	952683
frame0180.ply	38.9852	45.5008	44.6585	21928	0.0229498	11.05	955477
frame0181.ply	39.2479	45.8926	44.9055	19368	0.0205405	10.87	942918
frame0182.ply	39.0204	45.8209	44.8835	20792	0.0220816	10.895	941599
frame0183.ply	39.24	45.7028	44.9469	20240	0.0213092	6.457	949825
frame0184.ply	39.3497	45.7841	45.0141	19752	0.0210123	9.857	940022
frame0185.ply	39.0259	45.6906	44.6815	21312	0.0225123	10.913	946683
frame0186.ply	39.1034	45.7365	44.7604	20928	0.0221559	10.858	944577
frame0187.ply	39.219	45.7049	44.7566	20344	0.0216535	10.75	939524
frame0188.ply	39.1106	45.5618	44.7809	20680	0.0221422	10.806	933962
frame0189.ply	39.0761	45.5329	44.6616	21304	0.022883	10.703	930995
frame0190.ply	39.0092	45.4577	44.7011	21208	0.0226953	10.819	934466
frame0191.ply	39.0327	45.4673	44.472	20824	0.0222695	9.761	935089
frame0192.ply	39.0025	45.396	44.5825	20624	0.0222063	10.757	928746
frame0193.ply	39.1271	45.494	44.6971	20664	0.022129	10.803	933797
frame0194.ply	38.9413	45.4732	44.5502	21120	0.0225596	10.839	936186
frame0195.ply	38.9181	45.4544	44.8683	21240	0.0226593	10.824	937365
frame0196.ply	39.1236	45.4714	44.7466	21152	0.022485	10.879	940715
frame0197.ply	38.9784	45.4331	44.6856	21768	0.0229538	10.87	948341
frame0198.ply	38.9747	45.4193	44.6222	20616	0.0218095	9.183	945276
frame0199.ply	39.0322	45.5108	44.7852	20352	0.0220444	10.657	923228
frame0200.ply	39.0131	45.5183	44.7002	20528	0.0220945	10.631	929098
frame0201.ply	38.9936	45.4073	44.6418	20960	0.0228065	7.895	919037
frame0202.ply	39.062	45.4916	44.7346	20656	0.0225647	10.559	915412
frame0203.ply	39.048	45.5467	44.7568	20384	0.0220307	10.689	925256
frame0204.ply	39.079	45.7263	44.7694	20120	0.022025	7.789	913507
frame0205.ply	39.0209	45.4984	44.6412	20272	0.0221897	10.595	913577
frame0206.ply	39.0452	45.5951	44.6683	19944	0.0220589	10.424	904123
frame0207.ply	39.0353	45.517	44.7052	20496	0.0224361	10.582	913526
frame0208.ply	39.0324	45.505	44.6311	19832	0.021862	10.487	907146
frame0209.ply	39.1076	45.4311	44.6386	20512	0.0222879	10.634	920319
frame0210.ply	38.9187	45.5397	44.6592	21080	0.0229263	9.534	919468
frame0211.ply	38.8794	45.6583	44.6602	21088	0.0229396	5.358	919285
frame0212.ply	38.9004	45.5681	44.5208	20864	0.0224149	5.44	930808
frame0213.ply	38.8849	45.5512	44.5063	21480	0.0230925	5.426	930173
frame0214.ply	38.9312	45.7007	44.722	21176	0.0228186	5.392	928013
frame0215.ply	38.8637	45.5584	44.6085	21248	0.0226452	5.488	938301
frame0000.ply	41.5856	46.9298	46.2649	46136	0.0480232	5.613	960703
frame0001.ply	41.6869	47.0952	46.4176	45760	0.0480582	8.504	952178
frame0002.ply	41.6238	46.8101	46.2808	46328	0.0488111	11.07	949129
frame0003.ply	41.6708	47.0006	46.3777	45888	0.0480577	10.843	954852
frame0004.ply	41.6696	46.9136	46.3733	47680	0.0496742	11.055	959854
frame0005.ply	41.6754	47.0237	46.461	46064	0.0479889	11.243	959889
frame0006.ply	41.7057	46.9559	46.3595	46328	0.0486048	10.66	953156
frame0007.ply	41.7414	46.9718	46.4079	46184	0.048763	10.847	947112
frame0008.ply	41.7569	46.9516	46.3575	44784	0.0466321	11.135	960368
frame0009.ply	41.6717	46.8873	46.3369	46984	0.0490407	10.001	958061
frame0010.ply	41.6382	46.9499	46.3558	47456	0.0496152	11.024	956482
frame0011.ply	41.6968	46.9029	46.3035	46000	0.0481465	7.223	955417
frame0012.ply	41.6434	46.9989	46.3134	47200	0.0492377	11.101	958615
frame0013.ply	41.6318	47.0085	46.3542	46240	0.0481929	11.062	959478
frame0014.ply	41.6288	47.0266	46.286	46472	0.0480274	11.242	967615
frame0015.ply	41.6528	46.9449	46.2934	45440	0.0472456	11.014	961783
frame0016.ply	41.7371	46.9933	46.3566	45112	0.0467186	11.124	965612
frame0017.ply	41.6758	47.0149	46.3034	44936	0.0468963	11.102	958200
frame0018.ply	41.6672	46.9972	46.2645	45752	0.047903	11.067	955097
frame0019.ply	41.7043	47.0629	46.3904	45216	0.047053	11.074	960959
frame0020.ply	41.716	46.9929	46.3182	45424	0.0474062	11.094	958187
frame0021.ply	41.6447	46.9682	46.2741	46464	0.0482229	11.152	963526
frame0022.ply	41.7083	47.0531	46.3536	46248	0.0475369	11.22	972887
frame0023.ply	41.7729	47.1379	46.4482	44832	0.0464377	11.134	965423
frame0024.ply	41.7168	47.0416	46.3467	45608	0.047599	11.082	958172
frame0025.ply	41.6054	47.0339	46.2341	45920	0.0478673	9.555	959318
frame0026.ply	41.5894	47.025	46.2786	45848	0.0483603	9.841	948051
frame0027.ply	41.6162	46.9352	46.2798	46200	0.0490648	5.932	941611
frame0028.ply	41.7268	47.1525	46.3358	43568	0.0468531	10.648	929885
frame0029.ply	41.5698	47.137	46.3118	46488	0.0503377	9.834	923523
frame0030.ply	41.4325	47.127	46.3099	47064	0.0509711	10.666	923347
frame0031.ply	41.5471	47.0022	46.2634	47136	0.0508443	10.649	927066
frame0032.ply	41.4751	46.9857	46.2306	47808	0.0518852	6.855	921419
frame0033.ply	41.4517	47.0491	46.283	47480	0.0512484	10.725	926468
frame0034.ply	41.2607	46.8428	46.1466	48888	0.0524958	10.766	931275
frame0035.ply	41.3856	46.9633	46.2181	47448	0.0516505	10.604	918635
frame0036.ply	41.2506	46.7057	46.1402	49840	0.0535837	8.621	930133
frame0037.ply	41.546	46.9224	46.1971	47600	0.0518421	10.611	918173
frame0038.ply	41.5506	46.9146	46.2685	46712	0.0505751	10.734	923617
frame0039.ply	41.5256	46.9828	46.3084	45920	0.0500601	9.54	917298
frame0040.ply	41.4443	46.8453	46.0952	49152	0.052816	10.374	930627
frame0041.ply	41.5777	46.9852	46.2793	45296	0.049572	10.544	913742
frame0042.ply	41.5308	46.8879	46.2415	47048	0.0508917	10.717	924473
frame0043.ply	41.6994	46.9601	46.419	44416	0.0490482	10.473	905559
frame0044.ply	41.6381	46.9104	46.2969	45120	0.049871	10.181	904735
frame0045.ply	41.6157	46.9403	46.3604	45280	0.0497902	6.235	909416
frame0046.ply	41.3513	46.7832	46.2268	47928	0.0526901	10.535	909620
frame0047.ply	41.5077	46.7636	46.1429	44856	0.0497671	10.446	901318
frame0048.ply	41.3627	46.6629	46.148	49792	0.0548712	8.711	907434
frame0049.ply	41.4287	46.7554	46.1447	45984	0.0519258	10.239	885571
frame0050.ply	41.4947	46.6751	46.1109	45448	0.0504126	9.865	901521
frame0051.ply	41.5475	46.8069	46.2	45280	0.0505251	10.318	896188
frame0052.ply	41.5493	46.8459	46.2004	45984	0.0515563	9.584	891919
frame0053.ply	41.5387	46.8062	46.2396	44848	0.0504165	10.301	889550
frame0054.ply	41.4264	46.8484	46.3322	47136	0.0521105	10.429	904540
frame0055.ply	41.5643	46.8681	46.2258	44848	0.0501754	9.681	893825
frame0056.ply	41.6084	46.7658	46.2111	45272	0.0502997	10.385	900046
frame0057.ply	41.7093	46.9862	46.47	43880	0.0488386	10.372	898469
frame0058.ply	41.6793	46.9487	46.3318	45112	0.0503847	10.27	895351
frame0059.ply	41.7365	46.9993	46.3127	43072	0.0482541	10.312	892609
frame0060.ply	41.6662	46.9824	46.37	43192	0.0477868	10.47	903848
frame0061.ply	41.5739	46.9084	46.2837	44136	0.04885	10.491	903500
frame0062.ply	41.7297	46.8212	46.2493	43816	0.0481825	10.464	909375
frame0063.ply	41.8499	46.9507	46.407	42568	0.046166	9.597	922063
frame0064.ply	41.8964	46.9961	46.2924	45680	0.0465174	11.317	981998
frame0065.ply	41.9224	46.9621	46.1914	49096	0.0469967	11.397	1044668
frame0066.ply	41.4914	46.8186	45.7246	64000	0.1003291	13.785	1184649
frame0067.ply	41.721	47.0874	45.919	64640	0.0967969	15.042	1289003
frame0068.ply	41.1799	46.7015	45.3995	84256	0.1239971	9.49	1389266
frame0069.ply	40.8549	46.5137	45.0854	97072	0.1287752	15.435	1423669
frame0070.ply	41.1372	46.7161	45.5019	85144	0.1124943	15.951	1466694
frame0071.ply	40.8711	46.5532	45.3867	90272	0.1264538	16.413	1468667
frame0072.ply	40.8629	46.6135	45.4639	83656	0.1166553	16.331	1449437
frame0073.ply	40.7516	46.3129	45.0997	92008	0.140041	16.182	1438471
frame0074.ply	40.9631	46.6981	45.348	82504	0.1154139	15.949	1418866
frame0075.ply	41.0368	46.602	45.1545	87104	0.1143928	14.786	1463456
frame0076.ply	41.1292	46.5065	45.3498	83312	0.1142656	16.275	1454905
frame0077.ply	41.2706	46.7079	45.6028	78456	0.107734	16.493	1469391
frame0078.ply	40.8199	46.4018	45.1159	90800	0.1289886	16.391	1459966
frame0079.ply	40.8315	46.4096	45.0265	90520	0.1224722	14.387	1451967
frame0080.ply	40.8837	46.358	45.1721	91432	0.1250371	16.61	1475797
frame0081.ply	41.2657	46.6392	45.544	82024	0.1106377	16.642	1484814
frame0082.ply	40.7145	46.2534	44.9944	92136	0.1325871	15.749	1414040
frame0083.ply	41.1169	46.6309	45.4991	84824	0.1133625	16.282	1470959
frame0084.ply	40.8748	46.3923	45.1818	87960	0.1209601	9.099	1438796
frame0085.ply	40.9368	46.513	45.3981	85992	0.117681	15.862	1447874
frame0086.ply	40.8971	46.4972	45.1911	88880	0.1246369	16.202	1474871
frame0087.ply	40.6341	46.2088	44.9971	92176	0.1296032	15.599	1448832
frame0088.ply	40.8681	46.4711	45.4047	88360	0.1185142	15.981	1489816
frame0089.ply	40.9615	46.5433	45.2564	89008	0.118359	16.108	1487964
frame0090.ply	41.2156	46.8034	45.701	80584	0.1089852	16.435	1490975
frame0091.ply	41.0412	46.6567	45.3136	86672	0.1134495	14.785	1493848
frame0092.ply	40.9274	46.6322	45.2639	86536	0.1211649	13.797	1400977
frame0093.ply	41.064	46.8682	45.6765	80160	0.1184933	14.573	1335004
frame0094.ply	41.3332	46.8709	45.9508	67200	0.1085072	12.702	1219537
frame0095.ply	41.5146	47.0084	46.223	55224	0.0536209	6.063	1029896
frame0096.ply	41.7508	47.1223	46.3353	46968	0.0498128	9.89	942890
frame0097.ply	41.53	46.7967	46.2191	48232	0.0531025	9.713	908281
frame0098.ply	41.6439	46.9022	46.3921	45288	0.0503193	9.438	900013
frame0099.ply	41.8285	47.2018	46.5831	42960	0.0469162	9.692	915676
frame0100.ply	41.7954	47.1565	46.3785	44368	0.0487737	8.698	909670
frame0101.ply	41.8659	47.0468	46.4123	43960	0.0475645	9.867	924218
frame0102.ply	41.8411	47.0837	46.4261	41992	0.0460499	9.667	911880
frame0103.ply	41.7976	47.089	46.3291	42416	0.0468134	9.625	906065
frame0104.ply	41.8534	47.066	46.4274	42792	0.0467659	9.677	915025
frame0105.ply	41.8298	47.1627	46.4081	43752	0.0470737	9.877	929436
frame0106.ply	41.7141	47.2239	46.4022	44992	0.0479193	9.97	938912
frame0107.ply	41.8506	47.2208	46.4175	44368	0.047092	6.407	942155
frame0108.ply	41.5816	47.1447	46.2677	48584	0.0499122	8.433	973390
frame0109.ply	41.8218	47.2856	46.4329	46320	0.047272	10.458	979861
frame0110.ply	41.5504	47.2625	46.445	51208	0.0511828	10.58	1000493
frame0111.ply	41.7175	47.3223	46.5192	47528	0.0474912	10.671	1000774
frame0112.ply	41.5757	47.3087	46.4598	48536	0.0484646	10.668	1001474
frame0113.ply	41.3471	47.0412	46.2163	54240	0.052948	9.888	1024402
frame0114.ply	41.4879	47.1959	46.4192	49720	0.0490333	9.711	1014004
frame0115.ply	41.5055	47.0969	46.3628	51464	0.0500708	10.999	1027824
frame0116.ply	41.4793	47.1517	46.4535	50808	0.049378	10.969	1028960
frame0117.ply	41.3762	47.1075	46.2923	50976	0.0500269	9.816	1018972
frame0118.ply	41.5215	47.2024	46.4277	49944	0.049323	7.951	1012591
frame0119.ply	41.3119	47.0985	46.2873	50480	0.0504159	10.616	1001271
frame0120.ply	41.4659	47.123	46.2942	49616	0.0491045	10.838	1010416
frame0121.ply	41.3838	47.0387	46.2293	50496	0.0519551	10.31	971916
frame0122.ply	41.527	47.2183	46.4108	49312	0.0491405	10.661	1003489
frame0123.ply	41.7908	47.3856	46.6519	45656	0.0465668	7.563	980440
frame0124.ply	41.8458	47.4022	46.6897	44744	0.0468857	10.151	954320
frame0125.ply	42.0069	47.5253	46.7476	41816	0.0439241	10.109	952005
frame0126.ply	41.8348	47.3786	46.6695	44896	0.0465019	10.257	965466
frame0127.ply	41.925	47.2295	46.5168	43696	0.0481553	5.296	907397
frame0128.ply	41.7849	47.3534	46.5106	43696	0.0478676	9.7	912852
frame0129.ply	41.6654	47.1716	46.3603	46048	0.0495622	9.9	929095
frame0130.ply	41.7813	47.116	46.3611	41864	0.0465382	9.622	899562
frame0131.ply	41.7566	47.0915	46.3164	42968	0.0467313	9.887	919470
frame0132.ply	42.0015	47.289	46.5682	38392	0.044527	9.157	862219
frame0133.ply	41.9268	47.3187	46.5163	40792	0.045249	9.577	901500
frame0134.ply	41.9767	47.3244	46.4739	40376	0.0455347	9.46	886708
frame0135.ply	41.8288	47.184	46.4278	42976	0.0480591	9.512	894232
frame0136.ply	42.0143	47.223	46.4912	40336	0.045825	9.37	880218
frame0137.ply	41.9735	47.1817	46.5602	39248	0.0440256	8.542	891481
frame0138.ply	42.028	47.2329	46.6417	40256	0.0453828	9.361	887033
frame0139.ply	41.9772	47.2748	46.567	40528	0.0445906	9.63	908892
frame0140.ply	42.0703	47.2976	46.685	41760	0.0456547	9.764	914692
frame0141.ply	41.9313	47.162	46.5783	42800	0.0465551	7.164	919341
frame0142.ply	41.8577	47.3763	46.4762	44104	0.0475021	10.763	928464
frame0143.ply	41.9782	47.3194	46.56	42872	0.0466988	7.961	918053
frame0144.ply	41.9039	47.4399	46.5831	44352	0.0468994	10.92	945683
frame0145.ply	41.7811	47.3556	46.481	46472	0.0479552	11.221	969072
frame0146.ply	41.4213	47.1776	46.2884	49992	0.0520416	9.964	960616
frame0147.ply	41.6626	47.2772	46.4495	45536	0.0485102	10.821	938690
frame0148.ply	41.6289	47.2323	46.4294	47016	0.048916	11.085	961158
frame0149.ply	41.6699	47.2037	46.4186	45512	0.0473119	11.131	961957
frame0150.ply	41.662	47.1151	46.4413	45720	0.0475519	11.112	961476
frame0151.ply	41.4871	47.2305	46.3925	48816	0.0500618	11.245	975114
frame0152.ply	41.7499	47.3389	46.6275	44480	0.045914	11.169	968768
frame0153.ply	41.6351	47.1996	46.4231	46056	0.0474183	11.222	971271
frame0154.ply	41.4284	47.0774	46.3918	46600	0.0483458	11.092	963890
frame0155.ply	41.6038	47.2304	46.4695	45584	0.0478736	10.96	952174
frame0156.ply	41.6908	47.2642	46.4867	45440	0.0480286	10.875	946103
frame0157.ply	41.833	47.3029	46.6245	42760	0.0463949	10.648	921654
frame0158.ply	41.9759	47.3798	46.6955	40888	0.044744	10.561	913820
frame0159.ply	41.9524	47.3058	46.6539	42752	0.0460185	10.763	929017
frame0160.ply	42.0918	47.2248	46.7778	38904	0.043671	6.988	890842
frame0161.ply	42.0326	47.2384	46.7597	40952	0.0445517	9.587	919202
frame0162.ply	41.9609	47.31	46.5693	40792	0.0459666	10.235	887426
frame0163.ply	42.1567	47.3314	46.5859	39712	0.044301	7.734	896414
frame0164.ply	41.9527	47.2105	46.424	42408	0.0467148	10.55	907807
frame0165.ply	42.0542	47.1834	46.5428	40000	0.0458243	10.051	872900
frame0166.ply	41.9923	47.298	46.5364	41880	0.0464097	10.09	902397
frame0167.ply	42.2637	47.4585	46.6162	39520	0.0436029	10.479	906361
frame0168.ply	42.0599	47.3712	46.5433	39496	0.0438073	10.475	901584
frame0169.ply	42.0742	47.4451	46.5511	38336	0.0422473	10.46	907418
frame0170.ply	42.0505	47.2973	46.5693	40320	0.0441059	10.542	914163
frame0171.ply	41.9987	47.282	46.4804	41232	0.0452148	10.553	911913
frame0172.ply	41.6896	47.0481	46.3304	45040	0.0486388	10.697	926009
frame0173.ply	41.7559	47.062	46.3209	43040	0.046592	10.639	923764
frame0174.ply	41.6319	47.0573	46.325	46904	0.049398	9.411	949513
frame0175.ply	41.6801	47.0554	46.3237	44512	0.0466244	11.088	954693
frame0176.ply	41.942	47.2161	46.546	42128	0.0446083	10.768	944398
frame0177.ply	41.9285	47.2056	46.5067	43088	0.0448813	9.989	960043
frame0178.ply	41.8587	47.3055	46.5535	43568	0.0456156	11.032	955112
frame0179.ply	41.794	47.1047	46.3267	44080	0.0462693	11.037	952683
frame0180.ply	41.7672	47.0222	46.2488	45904	0.048043	6.034	955477
frame0181.ply	42.0234	47.2213	46.6437	41320	0.0438214	10.933	942918
frame0182.ply	41.8507	47.2954	46.5546	43608	0.0463127	10.862	941599
frame0183.ply	42.033	47.2253	46.5081	42016	0.0442355	10.915	949825
frame0184.ply	42.11	47.3306	46.7151	41032	0.04365	10.861	940022
frame0185.ply	41.7928	47.2204	46.4339	44576	0.0470865	10.911	946683
frame0186.ply	41.8589	47.2287	46.4771	43600	0.0461582	9.811	944577
frame0187.ply	41.9517	47.2481	46.4612	42136	0.0448482	10.821	939524
frame0188.ply	41.9256	47.2151	46.4517	42912	0.0459462	10.794	933962
frame0189.ply	41.8469	47.1584	46.4462	44376	0.0476651	10.796	930995
frame0190.ply	41.8062	47.0272	46.3948	44272	0.0473768	10.842	934466
frame0191.ply	41.7399	46.9297	46.2543	43928	0.0469773	9.65	935089
frame0192.ply	41.7713	46.9874	46.3653	43792	0.0471518	10.747	928746
frame0193.ply	41.8503	46.995	46.3423	42640	0.045663	10.844	933797
frame0194.ply	41.7012	46.9556	46.2895	44264	0.0472812	5.91	936186
frame0195.ply	41.785	47.0551	46.5506	44456	0.0474266	10.833	937365
frame0196.ply	41.7904	47.0985	46.4212	43456	0.0461946	10.749	940715
frame0197.ply	41.7215	47.0084	46.3861	44408	0.046827	10.973	948341
frame0198.ply	41.7572	47.0677	46.416	43408	0.045921	9.382	945276
frame0199.ply	41.7914	47.0958	46.4184	42168	0.0456745	9.544	923228
frame0200.ply	41.7672	47.07	46.3655	43128	0.0464192	10.751	929098
frame0201.ply	41.7536	47.0401	46.3478	43632	0.0474758	10.631	919037
frame0202.ply	41.7841	47.0821	46.4819	42664	0.0466063	10.573	915412
frame0203.ply	41.8065	47.1032	46.3699	42712	0.0461624	10.707	925256
frame0204.ply	41.8755	47.0909	46.4981	42272	0.0462744	5.735	913507
frame0205.ply	41.8786	47.0835	46.4014	42584	0.0466124	10.514	913577
frame0206.ply	41.8244	47.0644	46.4111	41568	0.045976	10.427	904123
frame0207.ply	41.7787	47.0797	46.4554	42424	0.0464398	10.592	913526
frame0208.ply	41.8174	47.0902	46.4378	41872	0.046158	10.582	907146
frame0209.ply	41.784	47.0809	46.3957	42336	0.0460014	10.658	920319
frame0210.ply	41.746	47.0305	46.3188	44144	0.0480104	10.645	919468
frame0211.ply	41.679	47.0332	46.3196	44088	0.047959	5.317	919285
frame0212.ply	41.6473	47.0217	46.2955	44608	0.047924	5.381	930808
frame0213.ply	41.6228	46.979	46.2782	45200	0.0485931	5.389	930173
frame0214.ply	41.6717	47.1299	46.4384	44872	0.0483528	5.352	928013
frame0215.ply	41.6205	47.0958	46.3598	44792	0.0477373	5.437	938301
frame0000.ply	44.4433	48.2327	47.7136	103888	0.108137	5.581	960703
frame0001.ply	44.4856	48.424	47.9402	101656	0.106762	11.057	952178
frame0002.ply	44.4621	48.2482	47.7789	104264	0.109852	11.021	949129
frame0003.ply	44.4791	48.3819	47.9613	102768	0.107627	11.026	954852
frame0004.ply	44.4383	48.3385	47.884	105784	0.110208	8.641	959854
frame0005.ply	44.5108	48.3543	47.9569	104104	0.108454	11.112	959889
frame0006.ply	44.5013	48.297	47.8405	101360	0.106341	7.394	953156
frame0007.ply	44.5116	48.3682	47.8855	102672	0.108405	10.92	947112
frame0008.ply	44.6024	48.3292	47.8994	100344	0.104485	11.176	960368
frame0009.ply	44.4703	48.2619	47.8295	103936	0.108486	9.964	958061
frame0010.ply	44.4851	48.3241	47.8882	105520	0.110321	11.059	956482
frame0011.ply	44.4976	48.2193	47.8044	102400	0.107178	11.217	955417
frame0012.ply	44.4799	48.3172	47.8304	104472	0.108982	11.112	958615
frame0013.ply	44.4347	48.2959	47.8656	102824	0.107167	11.118	959478
frame0014.ply	44.4658	48.4086	47.8524	104504	0.108002	11.221	967615
frame0015.ply	44.4502	48.259	47.8195	102712	0.106793	11.141	961783
frame0016.ply	44.4631	48.3936	47.9134	102040	0.105674	7.435	965612
frame0017.ply	44.4462	48.3833	47.8996	101696	0.106132	11.121	958200
frame0018.ply	44.4469	48.3065	47.7931	102104	0.106904	11.126	955097
frame0019.ply	44.4672	48.4194	47.9322	102024	0.106169	9.999	960959
frame0020.ply	44.5036	48.2575	47.8172	101408	0.105833	9.95	958187
frame0021.ply	44.4905	48.2957	47.8008	103112	0.107015	11.167	963526
frame0022.ply	44.5072	48.41	47.8976	103856	0.10675	11.238	972887
frame0023.ply	44.546	48.4334	47.9811	101096	0.104717	8.213	965423
frame0024.ply	44.5123	48.4003	47.8987	101752	0.106194	11.069	958172
frame0025.ply	44.44	48.3347	47.8179	103832	0.108235	11.076	959318
frame0026.ply	44.4372	48.289	47.7697	103336	0.108998	10.542	948051
frame0027.ply	44.4058	48.2878	47.7749	102632	0.108996	10.907	941611
frame0028.ply	44.5821	48.4846	47.947	97288	0.104624	10.599	929885
frame0029.ply	44.4504	48.424	47.9245	101032	0.109398	10.687	923523
frame0030.ply	44.415	48.4424	47.8154	104008	0.112642	5.794	923347
frame0031.ply	44.4327	48.4391	47.8929	103280	0.111405	10.616	927066
frame0032.ply	44.3857	48.2789	47.8343	104176	0.11306	10.657	921419
frame0033.ply	44.4054	48.2821	47.8492	104016	0.112272	10.677	926468
frame0034.ply	44.2407	48.1424	47.6975	107968	0.115936	10.786	931275
frame0035.ply	44.2952	48.232	47.765	104800	0.114082	10.649	918635
frame0036.ply	44.2294	48.0993	47.7278	110720	0.119037	10.72	930133
frame0037.ply	44.4186	48.2101	47.7798	103624	0.112859	9.505	918173
frame0038.ply	44.4677	48.2858	47.7722	102488	0.110964	10.698	923617
frame0039.ply	44.4946	48.2791	47.8391	101704	0.110873	10.563	917298
frame0040.ply	44.3856	48.1666	47.7334	108504	0.116592	10.715	930627
frame0041.ply	44.5131	48.3256	47.8738	100224	0.109685	10.523	913742
frame0042.ply	44.5171	48.2973	47.8353	103856	0.112341	9.217	924473
frame0043.ply	44.5851	48.3534	48.0388	98176	0.108415	10.458	905559
frame0044.ply	44.545	48.2635	47.8698	98216	0.108558	10.451	904735
frame0045.ply	44.4962	48.322	47.9535	99224	0.109107	10.422	909416
frame0046.ply	44.2867	48.1605	47.8177	106416	0.11699	10.492	909620
frame0047.ply	44.4013	48.1403	47.6906	99432	0.110318	10.441	901318
frame0048.ply	44.3308	48.0245	47.6806	107576	0.11855	10.471	907434
frame0049.ply	44.3179	48.0759	47.656	101592	0.114719	10.189	885571
frame0050.ply	44.3993	48.0754	47.6776	101888	0.113018	10.48	901521
frame0051.ply	44.4539	48.1755	47.7656	99792	0.111352	10.378	896188
frame0052.ply	44.4382	48.216	47.7884	101032	0.113275	6.618	891919
frame0053.ply	44.4469	48.219	47.781	99424	0.111769	7.77	889550
frame0054.ply	44.4111	48.2443	47.8968	104184	0.115179	10.506	904540
frame0055.ply	44.4422	48.2467	47.8214	100560	0.112505	9.291	893825
frame0056.ply	44.5015	48.1316	47.7546	99672	0.110741	10.375	900046
frame0057.ply	44.5706	48.3779	48.0042	96528	0.107436	5.685	898469
frame0058.ply	44.5693	48.3487	47.9325	99064	0.110643	10.481	895351
frame0059.ply	44.6307	48.3023	47.9007	95016	0.106448	10.347	892609
frame0060.ply	44.53	48.3401	47.9167	97768	0.108169	10.333	903848
frame0061.ply	44.4471	48.2585	47.82	98656	0.109193	10.61	903500
frame0062.ply	44.586	48.2013	47.7963	98008	0.107775	10.639	909375
frame0063.ply	44.6563	48.3627	47.8897	95736	0.103828	10.759	922063
frame0064.ply	44.7436	48.3566	47.8173	102568	0.104448	11.395	981998
frame0065.ply	44.6994	48.3512	47.7609	108704	0.104056	11.946	1044668
frame0066.ply	44.3915	48.3191	47.3692	141000	0.2205039	13.848	1184649
frame0067.ply	44.5011	48.4321	47.4886	141456	0.2112033	13.703	1289003
frame0068.ply	44.1436	48.1471	47.1092	182216	0.266226	15.119	1389266
frame0069.ply	43.8316	47.9454	46.7825	207240	0.277372	15.863	1423669
frame0070.ply	44.0284	48.0749	47.0475	184864	0.243979	17.039	1466694
frame0071.ply	43.8525	47.9175	46.9752	196832	0.275497	17.236	1468667
frame0072.ply	43.7267	47.9299	47.0223	187168	0.262044	15.271	1449437
frame0073.ply	43.6569	47.7738	46.7571	203344	0.307656	16.876	1438471
frame0074.ply	43.8356	48.0104	46.8841	183056	0.255155	16.736	1418866
frame0075.ply	43.9286	47.9425	46.8014	192752	0.25342	17.168	1463456
frame0076.ply	44.0429	47.8252	46.9258	182512	0.250406	17.086	1454905
frame0077.ply	44.0878	48.0645	47.1793	175056	0.240868	17.133	1469391
frame0078.ply	43.7646	47.808	46.7546	199136	0.281918	17.144	1459966
frame0079.ply	43.7538	47.8269	46.7104	200008	0.270843	17.139	1451967
frame0080.ply	43.8253	47.8263	46.8123	200176	0.274604	15.517	1475797
frame0081.ply	44.0839	48.0123	47.1251	180416	0.242814	17.402	1484814
frame0082.ply	43.6665	47.6622	46.6964	200800	0.288421	16.625	1414040
frame0083.ply	43.9979	48.0561	47.1231	185760	0.249247	9.509	1470959
frame0084.ply	43.7992	47.8412	46.8348	193440	0.266519	17.007	1438796
frame0085.ply	43.8553	47.9196	46.98	188592	0.258259	16.958	1447874
frame0086.ply	43.8084	47.8628	46.79	195496	0.273727	12.579	1474871
frame0087.ply	43.575	47.5927	46.6475	204656	0.286081	17.099	1448832
frame0088.ply	43.746	47.8881	47.0038	195824	0.262026	17.58	1489816
frame0089.ply	43.8546	47.9205	46.8748	193968	0.259059	17.51	1487964
frame0090.ply	44.067	48.1536	47.2473	180136	0.243987	17.545	1490975
frame0091.ply	43.9502	48.0253	46.9439	192080	0.252318	15.505	1493848
frame0092.ply	43.8624	48.0706	46.9539	189512	0.266925	16.371	1400977
frame0093.ply	44.0288	48.2546	47.322	175280	0.259164	15.672	1335004
frame0094.ply	44.248	48.2226	47.578	146328	0.23611	12.535	1219537
frame0095.ply	44.3705	48.3362	47.739	118008	0.114582	9.06	1029896
frame0096.ply	44.5979	48.3107	47.8532	100552	0.106642	10.848	942890
frame0097.ply	44.5164	48.2828	47.8204	105456	0.116105	10.358	908281
frame0098.ply	44.5357	48.2389	47.91	98112	0.109012	10.17	900013
frame0099.ply	44.6369	48.4627	48.1278	94264	0.102945	10.518	915676
frame0100.ply	44.6137	48.3972	47.9568	95936	0.105462	10.488	909670
frame0101.ply	44.6354	48.4588	48.0272	96728	0.104659	10.649	924218
frame0102.ply	44.6892	48.403	47.9259	92600	0.101548	10.509	911880
frame0103.ply	44.6495	48.4377	47.9253	93856	0.103586	10.328	906065
frame0104.ply	44.6619	48.4204	47.9445	94256	0.103009	10.456	915025
frame0105.ply	44.6423	48.4251	47.9272	95712	0.102979	10.685	929436
frame0106.ply	44.5725	48.475	47.9289	98824	0.105254	9.688	938912
frame0107.ply	44.697	48.5292	47.9847	97336	0.103312	10.803	942155
frame0108.ply	44.411	48.3347	47.7772	105960	0.108857	11.139	973390
frame0109.ply	44.676	48.5306	48.0069	100928	0.103002	11.29	979861
frame0110.ply	44.4479	48.6209	48.0507	111760	0.111705	6.252	1000493
frame0111.ply	44.5515	48.6358	48.0736	103656	0.103576	11.523	1000774
frame0112.ply	44.4548	48.5723	48.0075	107936	0.107777	11.472	1001474
frame0113.ply	44.29	48.3596	47.8326	119096	0.116259	11.735	1024402
frame0114.ply	44.329	48.4058	47.9284	111256	0.109719	11.671	1014004
frame0115.ply	44.3343	48.4479	47.9286	114376	0.11128	11.527	1027824
frame0116.ply	44.3246	48.4471	48.0464	114472	0.11125	6.482	1028960
frame0117.ply	44.242	48.3711	47.8172	113800	0.111681	11.803	1018972
frame0118.ply	44.3125	48.5313	47.9507	110152	0.108782	11.484	1012591
frame0119.ply	44.1635	48.4083	47.8555	113448	0.113304	11.628	1001271
frame0120.ply	44.2405	48.3617	47.8625	110632	0.109492	10.776	1010416
frame0121.ply	44.2961	48.2577	47.7942	110720	0.113919	11.231	971916
frame0122.ply	44.3882	48.4837	47.9083	108192	0.107816	11.449	1003489
frame0123.ply	44.5724	48.5851	48.1491	100344	0.102346	10.187	980440
frame0124.ply	44.6615	48.6143	48.1267	96344	0.100956	11.016	954320
frame0125.ply	44.7685	48.6762	48.2808	91104	0.095697	10.93	952005
frame0126.ply	44.636	48.5992	48.0869	97824	0.101323	11.158	965466
frame0127.ply	44.7832	48.4749	48.0549	93928	0.103514	10.522	907397
frame0128.ply	44.6393	48.6118	48.049	95800	0.104946	10.533	912852
frame0129.ply	44.5341	48.4251	47.9737	99584	0.107184	10.564	929095
frame0130.ply	44.6066	48.4541	48.0053	92144	0.102432	6.476	899562
frame0131.ply	44.5413	48.4013	47.853	94672	0.102964	10.604	919470
frame0132.ply	44.8078	48.5589	48.0959	83656	0.0970241	9.823	862219
frame0133.ply	44.7994	48.5978	48.077	90096	0.0999401	10.414	901500
frame0134.ply	44.7985	48.5563	47.9841	87704	0.0989097	9.275	886708
frame0135.ply	44.7428	48.4967	48.0246	94472	0.105646	10.346	894232
frame0136.ply	44.8227	48.5038	48.0653	87672	0.0996026	8.52	880218
frame0137.ply	44.7888	48.5603	48.0706	87432	0.098075	10.165	891481
frame0138.ply	44.8222	48.5582	48.1245	88848	0.100163	10.184	887033
frame0139.ply	44.7906	48.5265	48.0861	88576	0.0974549	10.425	908892
frame0140.ply	44.8568	48.585	48.2194	89832	0.0982101	9.48	914692
frame0141.ply	44.7193	48.4978	48.1251	93168	0.101342	10.627	919341
frame0142.ply	44.713	48.6581	48.0715	95584	0.102949	10.682	928464
frame0143.ply	44.793	48.5949	48.1304	92040	0.100256	10.594	918053
frame0144.ply	44.7383	48.6819	48.1538	96456	0.101996	9.807	945683
frame0145.ply	44.6134	48.604	48.0648	100296	0.103497	9.447	969072
frame0146.ply	44.2782	48.4705	47.8852	109056	0.113527	10.616	960616
frame0147.ply	44.5322	48.5477	47.9634	99120	0.105594	10.849	938690
frame0148.ply	44.4868	48.5301	48.0463	103136	0.107304	7.2	961158
frame0149.ply	44.435	48.5212	47.9753	100880	0.10487	10.851	961957
frame0150.ply	44.462	48.4306	47.9895	100408	0.104431	9.595	961476
frame0151.ply	44.326	48.4524	47.865	107888	0.110641	11.211	975114
frame0152.ply	44.5081	48.4857	48.0439	97672	0.100821	11.022	968768
frame0153.ply	44.4293	48.4716	47.9432	102096	0.105116	11.131	971271
frame0154.ply	44.2809	48.3774	47.8785	103984	0.10788	11.128	963890
frame0155.ply	44.4913	48.5842	48.0524	101256	0.106342	9.856	952174
frame0156.ply	44.5139	48.5211	47.9481	98616	0.104234	6.536	946103
frame0157.ply	44.6887	48.5982	48.1102	92496	0.100359	10.633	921654
frame0158.ply	44.7626	48.6516	48.1851	88424	0.096763	10.6	913820
frame0159.ply	44.7134	48.5974	48.1245	92056	0.0990897	10.72	929017
frame0160.ply	44.864	48.5257	48.2501	84944	0.0953525	10.271	890842
frame0161.ply	44.7993	48.5678	48.1865	90024	0.0979371	10.633	919202
frame0162.ply	44.8219	48.5356	48.0986	88792	0.100056	10.251	887426
frame0163.ply	44.9221	48.5929	48.1734	86568	0.0965715	10.394	896414
frame0164.ply	44.8157	48.5874	48.0639	92792	0.102216	10.462	907807
frame0165.ply	44.8838	48.5191	48.1211	86608	0.0992187	9.995	872900
frame0166.ply	44.8402	48.5728	48.1069	90008	0.0997432	10.415	902397
frame0167.ply	44.9566	48.6839	48.1183	84160	0.0928548	9.376	906361
frame0168.ply	44.9049	48.5611	48.0644	86552	0.0959999	10.329	901584
frame0169.ply	44.8193	48.6034	48.0402	84920	0.0935842	10.534	907418
frame0170.ply	44.8463	48.5278	48.0304	88032	0.0962979	10.549	914163
frame0171.ply	44.8051	48.5447	47.9924	90312	0.0990358	10.526	911913
frame0172.ply	44.5061	48.4009	47.886	99944	0.10793	10.762	926009
frame0173.ply	44.5719	48.408	47.8875	96760	0.104745	10.627	923764
frame0174.ply	44.5268	48.4089	47.929	104656	0.110221	10.986	949513
frame0175.ply	44.5116	48.2809	47.8388	101416	0.106229	11.025	954693
frame0176.ply	44.718	48.5113	48.087	94064	0.0996021	10.912	944398
frame0177.ply	44.6441	48.4249	48.0081	95872	0.0998622	10.002	960043
frame0178.ply	44.6618	48.569	48.0687	98112	0.102723	11.127	955112
frame0179.ply	44.6781	48.3879	47.8937	98448	0.103338	6.022	952683
frame0180.ply	44.6145	48.3062	47.8811	101544	0.106276	11.066	955477
frame0181.ply	44.8073	48.5472	48.1129	92496	0.0980955	10.87	942918
frame0182.ply	44.6628	48.5351	48.0277	97016	0.103033	10.915	941599
frame0183.ply	44.7561	48.5088	48.0795	93904	0.0988645	8.985	949825
frame0184.ply	44.9078	48.5848	48.2508	90144	0.0958956	10.857	940022
frame0185.ply	44.6687	48.5	48.0134	98608	0.104162	9.801	946683
frame0186.ply	44.6612	48.5093	47.965	95944	0.101574	10.922	944577
frame0187.ply	44.7194	48.4851	48.0275	94016	0.100068	10.465	939524
frame0188.ply	44.6836	48.5575	48.0244	95168	0.101897	10.806	933962
frame0189.ply	44.6444	48.4807	48.0443	97408	0.104628	10.788	930995
frame0190.ply	44.5536	48.289	47.8922	96632	0.103409	10.814	934466
frame0191.ply	44.5056	48.239	47.8192	97376	0.104136	10.817	935089
frame0192.ply	44.5503	48.2907	47.8847	97224	0.104683	6.054	928746
frame0193.ply	44.5551	48.318	47.9072	94544	0.101247	10.828	933797
frame0194.ply	44.4442	48.2832	47.84	98104	0.104791	10.829	936186
frame0195.ply	44.496	48.4372	48.0579	97944	0.104489	10.798	937365
frame0196.ply	44.5441	48.3881	47.9849	96008	0.102059	10.891	940715
frame0197.ply	44.4867	48.3073	47.9421	98936	0.104325	5.981	948341
frame0198.ply	44.5006	48.3976	47.9067	95776	0.101321	10.871	945276
frame0199.ply	44.6166	48.405	48.0134	94080	0.101903	10.673	923228
frame0200.ply	44.6062	48.3803	47.907	95128	0.102387	10.72	929098
frame0201.ply	44.5568	48.3492	47.8141	95904	0.104353	10.642	919037
frame0202.ply	44.6191	48.4203	47.9592	94568	0.103306	10.593	915412
frame0203.ply	44.5915	48.3816	47.9092	94056	0.101654	10.676	925256
frame0204.ply	44.6704	48.3965	48.0369	92760	0.101543	10.558	913507
frame0205.ply	44.6405	48.3397	47.9628	91920	0.100615	10.567	913577
frame0206.ply	44.5843	48.3619	47.9309	91808	0.101544	10.481	904123
frame0207.ply	44.5807	48.3836	47.9477	94048	0.102951	10.537	913526
frame0208.ply	44.5994	48.3399	47.9352	91792	0.101188	10.496	907146
frame0209.ply	44.5799	48.355	47.8895	93664	0.101773	10.669	920319
frame0210.ply	44.525	48.3048	47.9118	96272	0.104704	9.551	919468
frame0211.ply	44.4782	48.3082	47.8024	97264	0.105804	5.358	919285
frame0212.ply	44.4754	48.3297	47.82	98680	0.106015	5.412	930808
frame0213.ply	44.5145	48.2774	47.7837	99944	0.107447	5.423	930173
frame0214.ply	44.5201	48.4391	47.9922	99424	0.107136	5.381	928013
frame0215.ply	44.4742	48.3513	47.9077	101216	0.107872	5.461	938301
frame0000.ply	46.9075	49.3784	49.086	227696	0.23701	5.608	960703
frame0001.ply	46.9565	49.5264	49.2523	226168	0.237527	11.062	952178
frame0002.ply	46.9029	49.4019	49.1375	226176	0.238298	11.084	949129
frame0003.ply	46.958	49.6112	49.3438	232664	0.243665	11.1	954852
frame0004.ply	46.9515	49.5578	49.311	237752	0.247696	11.127	959854
frame0005.ply	46.9643	49.5972	49.3798	233200	0.242945	11.069	959889
frame0006.ply	46.9843	49.4461	49.1559	222544	0.233481	10.985	953156
frame0007.ply	46.9774	49.5514	49.2736	230400	0.243266	10.885	947112
frame0008.ply	46.9914	49.4495	49.212	218400	0.227413	10.016	960368
frame0009.ply	46.9388	49.3943	49.1382	225232	0.235092	11.098	958061
frame0010.ply	46.9233	49.4782	49.2216	231352	0.241878	11.066	956482
frame0011.ply	46.9312	49.3581	49.138	222864	0.233264	11.007	955417
frame0012.ply	46.9236	49.4969	49.2209	231696	0.241699	6.136	958615
frame0013.ply	46.9144	49.5043	49.2198	229656	0.239355	11.108	959478
frame0014.ply	46.9157	49.5395	49.2651	232120	0.239889	11.237	967615
frame0015.ply	46.892	49.4011	49.125	226496	0.235496	11.095	961783
frame0016.ply	46.9138	49.5631	49.2692	228152	0.236277	9.979	965612
frame0017.ply	46.9126	49.5294	49.2551	226880	0.236777	11.101	958200
frame0018.ply	46.9072	49.4643	49.1621	227016	0.237689	11.029	955097
frame0019.ply	46.9073	49.6225	49.2885	230264	0.239619	6.036	960959
frame0020.ply	46.936	49.4254	49.1334	223792	0.233558	11.054	958187
frame0021.ply	46.9356	49.4177	49.1266	225840	0.234389	11.106	963526
frame0022.ply	46.9421	49.5606	49.2634	230840	0.237273	11.196	972887
frame0023.ply	46.9982	49.6569	49.3934	227720	0.235876	11.072	965423
frame0024.ply	46.9501	49.5202	49.2212	224912	0.23473	11.084	958172
frame0025.ply	46.9011	49.5121	49.21	230016	0.23977	11.069	959318
frame0026.ply	46.8939	49.4401	49.1769	228592	0.241118	10.869	948051
frame0027.ply	46.9022	49.4518	49.1812	228488	0.242656	10.898	941611
frame0028.ply	47.0303	49.604	49.2872	215200	0.231426	10.686	929885
frame0029.ply	46.9634	49.575	49.264	220904	0.239197	10.71	923523
frame0030.ply	46.9234	49.5408	49.2743	229712	0.248782	10.646	923347
frame0031.ply	46.9583	49.573	49.3071	228048	0.245989	10.747	927066
frame0032.ply	46.9579	49.4317	49.2034	226832	0.246177	10.672	921419
frame0033.ply	46.8941	49.3765	49.1599	223080	0.240785	10.672	926468
frame0034.ply	46.8236	49.2949	49.0334	233744	0.250994	9.274	931275
frame0035.ply	46.8371	49.3894	49.1597	230128	0.250511	10.619	918635
frame0036.ply	46.8044	49.3292	49.1125	242272	0.26047	10.703	930133
frame0037.ply	46.8869	49.4259	49.2099	229192	0.249617	10.573	918173
frame0038.ply	46.9466	49.4296	49.2015	223784	0.242291	10.695	923617
frame0039.ply	46.9743	49.4606	49.2337	221432	0.241396	10.619	917298
frame0040.ply	46.9312	49.4279	49.1627	236056	0.253653	10.797	930627
frame0041.ply	46.9895	49.4719	49.2317	218488	0.239113	5.762	913742
frame0042.ply	46.9795	49.4789	49.2324	225968	0.244429	9.571	924473
frame0043.ply	47.0556	49.5726	49.3912	217528	0.240214	9.372	905559
frame0044.ply	47.0483	49.4742	49.2456	215160	0.237815	10.455	904735
frame0045.ply	47.0082	49.5856	49.3327	220976	0.242987	10.4	909416
frame0046.ply	46.8689	49.3959	49.239	232352	0.255439	10.481	909620
frame0047.ply	46.9357	49.3572	49.105	217816	0.241664	10.323	901318
frame0048.ply	46.8924	49.2814	49.0713	231472	0.255084	8.392	907434
frame0049.ply	46.8851	49.318	49.0327	220960	0.249511	10.204	885571
frame0050.ply	46.9541	49.3513	49.095	222624	0.246943	10.443	901521
frame0051.ply	46.9654	49.4389	49.1953	220504	0.246047	10.387	896188
frame0052.ply	47.0089	49.4551	49.2011	221992	0.248893	10.344	891919
frame0053.ply	46.9744	49.4413	49.1298	216296	0.243152	10.302	889550
frame0054.ply	46.927	49.5296	49.3068	229576	0.253804	10.446	904540
frame0055.ply	46.9726	49.4903	49.215	222088	0.248469	10.355	893825
frame0056.ply	46.9988	49.3625	49.1339	216696	0.240761	6.695	900046
frame0057.ply	47.0691	49.5705	49.3563	213232	0.237328	10.245	898469
frame0058.ply	47.1162	49.5892	49.2906	218560	0.244105	7.861	895351
frame0059.ply	47.1194	49.5144	49.2667	209976	0.235238	10.32	892609
frame0060.ply	47.053	49.5434	49.278	218824	0.242103	10.538	903848
frame0061.ply	46.9721	49.4821	49.1743	218984	0.242373	10.575	903500
frame0062.ply	47.0674	49.4405	49.1558	214376	0.23574	7.016	909375
frame0063.ply	47.1229	49.6156	49.3026	215072	0.233251	10.668	922063
frame0064.ply	47.1732	49.583	49.2019	225256	0.229385	11.382	981998
frame0065.ply	47.1321	49.5816	49.0911	237712	0.227548	12.123	1044668
frame0066.ply	46.8763	49.5432	48.7842	306008	0.48523	13.87	1184649
frame0067.ply	46.923	49.5967	48.8627	314248	0.473462	13.687	1289003
frame0068.ply	46.683	49.3748	48.6153	392552	0.571096	16.266	1389266
frame0069.ply	46.4653	49.2077	48.3586	442856	0.599361	15.408	1423669
frame0070.ply	46.5368	49.2613	48.4653	405576	0.536411	17.093	1466694
frame0071.ply	46.4358	49.1293	48.3994	425200	0.591705	17.283	1468667
frame0072.ply	46.3238	49.1012	48.4398	415536	0.581917	16.971	1449437
frame0073.ply	46.2687	49.0419	48.3255	445864	0.66877	17.08	1438471
frame0074.ply	46.4115	49.175	48.3438	407312	0.568064	16.969	1418866
frame0075.ply	46.4677	49.1388	48.381	424288	0.561434	17.241	1463456
frame0076.ply	46.5445	49.0239	48.3711	396392	0.545173	17.107	1454905
frame0077.ply	46.5777	49.2974	48.646	396968	0.546849	15.543	1469391
frame0078.ply	46.3349	49.0217	48.2633	432024	0.612355	17.226	1459966
frame0079.ply	46.3798	49.0949	48.3161	442376	0.600874	14.139	1451967
frame0080.ply	46.4067	49.0426	48.3697	435184	0.598431	13.747	1475797
frame0081.ply	46.6001	49.2208	48.5636	398744	0.537047	17.465	1484814
frame0082.ply	46.3	48.9548	48.2737	437832	0.630337	12.772	1414040
frame0083.ply	46.5408	49.2381	48.6124	408920	0.548963	17.288	1470959
frame0084.ply	46.3823	49.0708	48.3544	421712	0.581768	16.876	1438796
frame0085.ply	46.4206	49.1292	48.4404	418200	0.577429	16.894	1447874
frame0086.ply	46.3944	49.034	48.2661	425160	0.593625	11.215	1474871
frame0087.ply	46.1967	48.8538	48.2191	450024	0.628759	14.417	1448832
frame0088.ply	46.3289	49.0893	48.4472	432136	0.582175	17.792	1489816
frame0089.ply	46.4033	49.0611	48.3427	420152	0.564354	17.051	1487964
frame0090.ply	46.594	49.3337	48.6579	396984	0.536964	15.836	1490975
frame0091.ply	46.4963	49.1841	48.4283	421496	0.556544	17.758	1493848
frame0092.ply	46.4394	49.1988	48.4434	411208	0.580079	16.446	1400977
frame0093.ply	46.6249	49.4266	48.7825	374520	0.554141	13.789	1335004
frame0094.ply	46.7555	49.4302	48.9465	314176	0.50804	14.205	1219537
frame0095.ply	46.9148	49.4622	49.0816	253120	0.245772	11.774	1029896
frame0096.ply	47.0831	49.4585	49.1757	217192	0.230347	10.843	942890
frame0097.ply	47.0325	49.4693	49.225	227480	0.250451	10.394	908281
frame0098.ply	47.0488	49.4478	49.2312	212288	0.235872	10.42	900013
frame0099.ply	47.1424	49.6147	49.4448	209032	0.228282	10.543	915676
frame0100.ply	47.1297	49.5704	49.3538	209120	0.229886	10.427	909670
frame0101.ply	47.1418	49.6097	49.3836	213744	0.23127	10.601	924218
frame0102.ply	47.1243	49.5076	49.2453	203672	0.223354	10.514	911880
frame0103.ply	47.079	49.5193	49.2545	207592	0.229114	10.455	906065
frame0104.ply	47.1211	49.5247	49.3028	207664	0.226949	10.562	915025
frame0105.ply	47.1264	49.5815	49.2974	212176	0.228285	10.639	929436
frame0106.ply	47.0897	49.5836	49.3075	219144	0.233402	10.818	938912
frame0107.ply	47.1526	49.631	49.3518	213592	0.226706	9.29	942155
frame0108.ply	46.9432	49.4525	49.1425	232792	0.239156	10.088	973390
frame0109.ply	47.1224	49.6175	49.3148	218736	0.223232	6.429	979861
frame0110.ply	46.9869	49.7057	49.4101	244912	0.244791	11.538	1000493
frame0111.ply	47.054	49.6511	49.3539	225928	0.225753	10.995	1000774
frame0112.ply	46.9675	49.686	49.3457	237744	0.237394	11.544	1001474
frame0113.ply	46.8189	49.5052	49.2076	258024	0.251878	8.115	1024402
frame0114.ply	46.8335	49.5688	49.2829	244824	0.241443	10.829	1014004
frame0115.ply	46.846	49.5869	49.3339	253240	0.246385	10.942	1027824
frame0116.ply	46.8307	49.6114	49.3868	252384	0.245281	7.338	1028960
frame0117.ply	46.7797	49.4576	49.214	247728	0.243116	10.849	1018972
frame0118.ply	46.8387	49.5814	49.3132	243368	0.240342	10.862	1012591
frame0119.ply	46.7268	49.4718	49.199	249816	0.249499	10.674	1001271
frame0120.ply	46.7787	49.4187	49.1493	241456	0.238967	10.049	1010416
frame0121.ply	46.8041	49.3877	49.1164	237840	0.244713	10.389	971916
frame0122.ply	46.8983	49.5509	49.196	236672	0.235849	10.735	1003489
frame0123.ply	47.0273	49.6727	49.3974	220232	0.224626	10.449	980440
frame0124.ply	47.0886	49.6418	49.372	208992	0.218996	9.822	954320
frame0125.ply	47.1761	49.7243	49.5058	202728	0.212948	10.146	952005
frame0126.ply	47.0975	49.6613	49.3679	214088	0.221746	10.267	965466
frame0127.ply	47.1916	49.6139	49.3881	203656	0.22444	9.643	907397
frame0128.ply	47.105	49.6958	49.403	211752	0.231968	9.714	912852
frame0129.ply	47.0098	49.5567	49.302	219784	0.236557	9.88	929095
frame0130.ply	47.0738	49.5962	49.3636	206520	0.229578	9.553	899562
frame0131.ply	47.024	49.4683	49.1882	209112	0.227427	9.778	919470
frame0132.ply	47.1897	49.6714	49.3681	184104	0.213523	5.455	862219
frame0133.ply	47.1855	49.7035	49.4058	196760	0.218258	8.863	901500
frame0134.ply	47.2228	49.623	49.2682	190264	0.214573	8.506	886708
frame0135.ply	47.2062	49.6328	49.3842	202976	0.226984	9.535	894232
frame0136.ply	47.2591	49.6528	49.3756	192848	0.219091	9.348	880218
frame0137.ply	47.2001	49.6805	49.4345	196904	0.220873	9.487	891481
frame0138.ply	47.2406	49.7136	49.4645	197552	0.222711	9.358	887033
frame0139.ply	47.2122	49.6494	49.4141	196640	0.216351	8.33	908892
frame0140.ply	47.2863	49.7034	49.4921	197928	0.216388	9.713	914692
frame0141.ply	47.1798	49.6041	49.3957	203792	0.221672	9.743	919341
frame0142.ply	47.1675	49.6911	49.3859	208536	0.224603	9.873	928464
frame0143.ply	47.2384	49.7669	49.4443	203408	0.221565	9.781	918053
frame0144.ply	47.1795	49.782	49.493	212768	0.224989	10.032	945683
frame0145.ply	47.0966	49.6951	49.373	219208	0.226204	9.666	969072
frame0146.ply	46.8502	49.5381	49.1787	237464	0.2472	10.245	960616
frame0147.ply	46.9847	49.6382	49.289	215624	0.229707	10.027	938690
frame0148.ply	46.9621	49.6521	49.4173	225928	0.235058	10.161	961158
frame0149.ply	46.8796	49.6176	49.3433	224936	0.233832	9.818	961957
frame0150.ply	46.9046	49.5562	49.2678	219928	0.22874	10.27	961476
frame0151.ply	46.8344	49.505	49.2113	234720	0.24071	9.49	975114
frame0152.ply	46.9155	49.4938	49.2552	211472	0.21829	10.268	968768
frame0153.ply	46.8838	49.5637	49.2384	224368	0.231005	6.811	971271
frame0154.ply	46.7806	49.4842	49.1896	229296	0.237886	8.361	963890
frame0155.ply	46.9395	49.6592	49.4131	223648	0.234881	10.148	952174
frame0156.ply	46.9432	49.5534	49.1861	213024	0.225159	8.643	946103
frame0157.ply	47.0962	49.63	49.4156	202296	0.219492	9.774	921654
frame0158.ply	47.1501	49.654	49.4627	194104	0.212409	9.635	913820
frame0159.ply	47.1054	49.6181	49.3635	197824	0.212939	9.921	929017
frame0160.ply	47.2201	49.5945	49.4148	183032	0.20546	5.202	890842
frame0161.ply	47.2241	49.6599	49.5064	197440	0.214795	9.79	919202
frame0162.ply	47.2447	49.581	49.4046	190536	0.214706	9.495	887426
frame0163.ply	47.286	49.6817	49.4856	192488	0.214731	8.602	896414
frame0164.ply	47.2379	49.6599	49.4297	204760	0.225555	9.628	907807
frame0165.ply	47.2448	49.6058	49.4496	190368	0.218087	9.361	872900
frame0166.ply	47.2661	49.6728	49.4173	200384	0.222057	9.609	902397
frame0167.ply	47.3004	49.7057	49.4609	188120	0.207555	9.705	906361
frame0168.ply	47.2665	49.615	49.3346	188880	0.209498	9.658	901584
frame0169.ply	47.2098	49.6185	49.3271	188096	0.207287	9.754	907418
frame0170.ply	47.2118	49.5909	49.2812	193016	0.21114	9.857	914163
frame0171.ply	47.1957	49.6728	49.3438	200112	0.219442	9.744	911913
frame0172.ply	47.0197	49.4982	49.2744	220432	0.238045	8.844	926009
frame0173.ply	47.0369	49.5659	49.307	215504	0.233289	9.987	923764
frame0174.ply	47.0411	49.619	49.3526	233416	0.245827	10.095	949513
frame0175.ply	47.0087	49.4474	49.1924	223992	0.234622	10.382	954693
frame0176.ply	47.1432	49.6596	49.4336	213136	0.225685	10.145	944398
frame0177.ply	47.0997	49.5636	49.321	214088	0.222998	6.246	960043
frame0178.ply	47.1056	49.7586	49.4842	221672	0.23209	10.215	955112
frame0179.ply	47.1075	49.5375	49.224	215376	0.226073	10.319	952683
frame0180.ply	47.0858	49.5228	49.2788	224944	0.235426	9.372	955477
frame0181.ply	47.1972	49.6609	49.3983	205968	0.218437	9.066	942918
frame0182.ply	47.1186	49.6577	49.3821	217888	0.231402	10.121	941599
frame0183.ply	47.1786	49.6445	49.408	208720	0.219746	9.857	949825
frame0184.ply	47.2785	49.7364	49.5658	205040	0.218123	10.827	940022
frame0185.ply	47.1091	49.5857	49.3633	219488	0.23185	10.921	946683
frame0186.ply	47.0867	49.5788	49.2566	210792	0.22316	10.896	944577
frame0187.ply	47.1317	49.6074	49.3796	209024	0.222479	7.436	939524
frame0188.ply	47.1061	49.6475	49.3648	210392	0.225268	10.81	933962
frame0189.ply	47.0673	49.6665	49.4126	216048	0.232061	10.69	930995
frame0190.ply	47.0183	49.4571	49.227	215800	0.230934	10.824	934466
frame0191.ply	46.9149	49.4198	49.1213	215224	0.230164	10.765	935089
frame0192.ply	46.9715	49.4498	49.2042	214976	0.231469	10.78	928746
frame0193.ply	46.9775	49.4482	49.1861	208280	0.223046	10.82	933797
frame0194.ply	46.9074	49.397	49.1545	216480	0.231236	7.833	936186
frame0195.ply	46.9731	49.6337	49.4048	219936	0.234632	10.954	937365
frame0196.ply	46.9575	49.5037	49.2877	214328	0.227835	10.891	940715
frame0197.ply	46.925	49.4767	49.2544	219584	0.231545	10.94	948341
frame0198.ply	46.9557	49.4619	49.1956	212032	0.224307	10.922	945276
frame0199.ply	47.0368	49.5678	49.3212	212816	0.230513	10.668	923228
frame0200.ply	46.9874	49.4681	49.1712	207232	0.223046	5.867	929098
frame0201.ply	47.0105	49.4406	49.1591	209984	0.228483	10.603	919037
frame0202.ply	47.0376	49.5712	49.3361	207088	0.226224	10.565	915412
frame0203.ply	47.0164	49.4493	49.2045	206568	0.223255	10.689	925256
frame0204.ply	47.0552	49.5769	49.3927	207632	0.227291	10.549	913507
frame0205.ply	47.0662	49.4586	49.2482	202288	0.221424	10.578	913577
frame0206.ply	47.0287	49.5049	49.3085	205808	0.227633	10.47	904123
frame0207.ply	47.0298	49.5	49.2567	209992	0.22987	9.483	913526
frame0208.ply	47.0558	49.458	49.2632	205200	0.226204	10.461	907146
frame0209.ply	47.0158	49.4426	49.2101	205560	0.223357	10.658	920319
frame0210.ply	46.9796	49.3991	49.1933	210800	0.229263	10.573	919468
frame0211.ply	46.9682	49.4035	49.1262	212312	0.230953	5.065	919285
frame0212.ply	46.9475	49.4165	49.1798	218208	0.234429	5.129	930808
frame0213.ply	46.9537	49.4039	49.0861	217936	0.234296	5.129	930173
frame0214.ply	46.9756	49.5822	49.37	223384	0.240712	5.086	928013
frame0215.ply	46.9439	49.5266	49.2626	223696	0.238405	5.169	938301
