frame0000.ply	31.9575	40.6735	39.7241	10912	0.03747284	7.813	1492780
frame0001.ply	31.7963	40.5874	39.6256	10816	0.03263573	17.06	1494261
frame0002.ply	31.7884	40.803	39.6987	10696	0.03728171	17.019	1498733
frame0003.ply	31.9193	40.7684	39.6888	10592	0.03088767	17.173	1495415
frame0004.ply	31.8503	40.6593	39.465	10840	0.03309738	16.67	1487127
frame0005.ply	31.9761	40.9219	39.8057	10472	0.03407963	16.776	1482317
frame0006.ply	32.0131	40.9499	39.8121	10536	0.0315501	11.069	1491283
frame0007.ply	31.9139	40.6517	39.5114	10576	0.03231726	15.499	1482045
frame0008.ply	31.9158	40.9579	39.6386	10752	0.05460322	16.707	1481350
frame0009.ply	31.9258	40.9813	39.8779	10120	0.0908738	16.354	1447024
frame0010.ply	32.0238	40.8384	39.7924	10408	0.15169821	16.605	1459475
frame0011.ply	31.9277	41.0375	39.8938	9720	0.85214207	15.859	1393968
frame0012.ply	32.122	41.1247	39.9702	9584	0.35540308	12.028	1402053
frame0013.ply	31.9878	40.9713	39.8327	9672	0.17549797	14.968	1401687
frame0014.ply	32.0888	41.24	39.8723	9616	1.58565761	15.806	1397366
frame0015.ply	32.1276	41.2821	39.9985	9688	0.49211511	17.964	1421912
frame0016.ply	32.1611	41.2451	40.2186	9568	0.05011762	13.049	1428899
frame0017.ply	32.3398	41.4975	40.399	8912	0.02389281	18.03	1419363
frame0018.ply	32.2705	41.4606	40.3819	9400	0.0207308	18.337	1468863
frame0019.ply	32.4368	41.3169	40.5321	9328	0.02346726	17.547	1471941
frame0020.ply	32.2765	41.2169	40.0953	9592	0.02103338	18.608	1472822
frame0021.ply	32.2156	41.2832	40.2112	9392	0.02064175	18.258	1473012
frame0022.ply	32.3122	41.6181	40.3955	9176	0.0197203	19	1492233
frame0023.ply	32.4024	41.3496	40.2732	9496	0.01954767	18.904	1511010
frame0024.ply	32.1425	41.3473	40.0297	9520	0.02233123	19.181	1502302
frame0025.ply	32.3682	41.3468	40.0132	9632	0.02228841	19.236	1509524
frame0026.ply	32.3599	41.2384	39.9981	9576	0.02056325	14.324	1461249
frame0027.ply	32.2919	40.9991	40.0654	9520	0.02065802	16.581	1455989
frame0028.ply	32.1972	41.2801	40.0636	9312	0.02101304	17.475	1389775
frame0029.ply	32.3199	41.3923	40.2829	9032	0.02154946	17.874	1401861
frame0030.ply	32.2141	41.457	40.3824	8544	0.02077455	16.958	1380995
frame0031.ply	32.26	41.0341	40.0912	9464	1.71710436	15.994	1399271
frame0032.ply	32.249	41.211	39.9446	9360	1.54515855	17.59	1373426
frame0033.ply	32.4126	41.4529	40.2844	8528	0.04163557	16.713	1319156
frame0034.ply	32.6406	41.5179	40.3243	8352	0.03804086	16.991	1341273
frame0035.ply	32.6033	41.4174	40.1988	8056	0.02804884	16.38	1320260
frame0036.ply	32.7423	41.6779	40.6334	7616	0.03434495	16.386	1310366
frame0037.ply	32.8036	41.4226	40.3034	7800	0.03366012	16.627	1314192
frame0038.ply	32.7906	41.7658	40.873	8112	0.0355534	17.209	1364385
frame0039.ply	32.9353	41.7244	40.7149	7888	0.0394808	16.715	1318472
frame0040.ply	32.9692	41.7807	40.6816	8096	0.03513616	17.234	1375440
frame0041.ply	33.0277	41.7191	40.835	7608	0.03479213	17.021	1342486
frame0042.ply	32.9722	41.8238	40.7077	7944	0.03738383	9.879	1355565
frame0043.ply	33.047	41.6569	40.5508	8064	0.0365201	14.916	1343776
frame0044.ply	33.0315	41.5134	40.5587	8328	0.03712615	17.338	1375442
frame0045.ply	32.8954	41.806	40.4596	7912	0.03702208	16.372	1317140
frame0046.ply	32.9672	41.3661	40.5497	8216	0.03957354	16.771	1343123
frame0047.ply	33.0189	41.4181	40.5129	7768	0.04151445	13.484	1310855
frame0048.ply	33.0104	41.9032	40.8483	8104	0.04633553	13.654	1376647
frame0049.ply	32.9531	41.695	40.6035	7624	0.52107964	16.361	1309336
frame0050.ply	33.0448	41.7776	40.992	7744	0.04713134	17.252	1362628
frame0051.ply	32.9875	41.911	40.714	7128	0.00931432	15.349	1321796
frame0052.ply	32.961	41.8775	40.8467	7448	0.00948585	14.228	1358358
frame0053.ply	32.9745	41.9409	41.0441	7232	0.00922775	13.516	1353252
frame0054.ply	33.0287	42.0086	41.1133	7536	0.0096024	15.887	1382913
frame0055.ply	33.0064	41.8861	40.9932	7160	0.00935999	15.522	1346917
frame0056.ply	33.1537	42.0633	41.2688	7296	0.00902401	16.404	1423531
frame0057.ply	33.1645	42.0226	41.0087	7344	0.00924587	16.17	1411126
frame0058.ply	33.1035	42.0599	41.1223	7608	0.00914553	17.139	1473139
frame0059.ply	33.0628	41.6523	40.72	7768	0.01328238	16.857	1450193
frame0060.ply	33.1362	42.0747	41.2322	7464	0.00904586	17.102	1462020
frame0061.ply	33.11	41.9515	40.8265	7544	0.00960249	16.536	1411690
frame0062.ply	32.962	41.566	40.5568	7824	0.00969582	15.245	1456488
frame0063.ply	33.022	41.588	40.5473	7856	0.00985336	16.849	1450409
frame0064.ply	33.0916	41.601	40.5519	8048	0.00957577	17.583	1515264
frame0065.ply	33.06	41.8468	40.711	7928	0.00941377	14.642	1511995
frame0066.ply	33.1205	41.7337	40.8224	7848	0.00933678	16.925	1527753
frame0067.ply	33.2629	42.007	40.9085	8144	0.00966315	18.322	1545510
frame0068.ply	33.1645	41.641	40.8836	8304	0.00958221	11.907	1588690
frame0069.ply	33.0788	41.6094	40.8315	8232	0.00941062	18.854	1599261
frame0070.ply	33.2719	41.7184	40.9829	8496	0.00973413	18.788	1618029
frame0071.ply	33.2353	41.574	41.05	8472	0.00963534	18.87	1629895
frame0072.ply	33.1125	41.2542	40.6918	8640	0.00972557	19.209	1652474
frame0073.ply	33.1469	41.4249	40.5761	8944	0.02077006	19.089	1626242
frame0074.ply	33.1154	41.5769	40.9249	8872	0.01946452	17.865	1696024
frame0075.ply	33.1547	41.3981	40.7081	8896	0.01968245	19.619	1687347
frame0076.ply	33.1636	41.5687	40.5708	8816	0.01958194	19.361	1664665
frame0077.ply	33.2592	41.72	40.7926	8528	0.01786114	13.857	1702612
frame0078.ply	33.1118	41.4775	40.3926	9056	0.01966855	14.79	1674631
frame0079.ply	33.1962	41.5853	40.7469	8952	0.01054754	20.306	1716856
frame0080.ply	32.9994	41.491	40.6513	8904	0.01066117	20.146	1692861
frame0081.ply	32.9823	41.3447	40.5686	9008	0.01095304	19.531	1662403
frame0082.ply	33.0306	41.5412	40.4917	9040	0.01090122	19.665	1680106
frame0083.ply	32.9514	41.6357	40.7326	8976	0.01072262	19.923	1701425
frame0084.ply	32.9105	41.2247	40.4633	9400	0.01107255	19.892	1714736
frame0085.ply	32.7808	41.3041	40.4994	9688	0.01147379	19.972	1707963
frame0086.ply	32.8162	40.8609	40.0945	10656	0.02421132	18.151	1720086
frame0087.ply	32.8536	41.2355	40.0566	9424	0.02388916	17.828	1582349
frame0088.ply	33.2248	41.0414	40.2478	8904	0.02321924	14.67	1534527
frame0089.ply	33.1969	41.5089	40.3745	7384	0.01095983	14.003	1320930
frame0090.ply	33.0802	41.8464	40.823	6824	0.00844725	15.655	1339419
frame0091.ply	32.9304	41.4716	40.4069	7728	0.00938286	16.746	1419102
frame0092.ply	33.2374	42.0087	40.9159	7712	0.0098278	17.453	1479572
frame0093.ply	33.0629	42.0438	41.0802	8744	0.01096909	18.056	1529661
frame0094.ply	33.1942	42.2621	41.2158	8040	0.01046258	17.551	1525347
frame0095.ply	32.871	41.9601	40.9509	8376	0.01108808	17.32	1469737
frame0096.ply	32.9662	41.7684	40.8641	8744	0.01130132	18.152	1546806
frame0097.ply	32.8937	41.7823	40.8784	9152	0.01154954	18.624	1582600
frame0098.ply	32.8238	41.8277	40.9052	8792	0.01133009	14.07	1547688
frame0099.ply	32.7861	42.0061	40.9335	8888	0.0112041	18.53	1571690
frame0100.ply	32.8063	42.1591	40.8665	8736	0.01093327	18.385	1577244
frame0101.ply	32.6974	42.0071	40.8683	8808	0.01093753	15.068	1591005
frame0102.ply	32.6631	41.8556	40.984	8912	0.01092348	15.162	1609826
frame0103.ply	32.7373	42.1265	40.9788	8960	0.01102959	18.907	1604215
frame0104.ply	32.7767	42.031	41.1996	8984	0.01100687	17.435	1617446
frame0105.ply	32.8373	41.6653	40.742	9464	0.01180894	18.672	1595940
frame0106.ply	32.7081	41.8729	40.9107	9040	0.01138832	18.655	1587702
frame0107.ply	32.7496	41.6948	40.7687	8864	0.01130759	18.203	1568010
frame0108.ply	32.7911	41.7233	40.7734	8928	0.01134544	16.625	1574976
frame0109.ply	32.8321	41.7837	40.713	8824	0.01139607	18.26	1550536
frame0110.ply	32.9532	41.859	41.0461	8584	0.01081103	18.561	1583335
frame0111.ply	32.912	42.2372	41.1175	8536	0.01086642	18.394	1564415
frame0112.ply	33.2022	42.2905	41.2825	7968	0.01013162	15.882	1538344
frame0113.ply	33.384	42.28	41.2228	7656	0.00983581	17.762	1529956
frame0114.ply	33.3366	42.2523	41.1633	6744	0.01016814	15.585	1324033
frame0115.ply	33.161	41.9662	40.3296	7752	0.01030475	12.569	1467104
frame0116.ply	33.1688	41.5854	40.5378	8496	0.01037775	15.984	1518077
frame0117.ply	33.3167	41.9552	40.834	7608	0.00949414	17.259	1469049
frame0118.ply	33.1902	41.7476	40.6286	7864	0.00976503	15.029	1459131
frame0119.ply	33.2459	41.6813	40.7948	8104	0.02241919	16.202	1519152
frame0120.ply	33.1579	41.411	40.2762	8544	0.02382974	17.561	1495614
frame0121.ply	33.1508	41.7929	40.9839	10200	0.03099504	22.246	1771082
frame0122.ply	33.0197	41.6982	40.894	10512	0.03072401	19.882	1815562
frame0123.ply	32.8554	41.7074	40.6839	11168	0.03212493	23.785	1866487
frame0124.ply	32.8602	41.4763	40.6065	11256	0.03355359	23.142	1889020
frame0125.ply	32.6345	41.0024	40.2881	11136	0.03133729	22.063	1773464
frame0126.ply	32.771	41.2609	40.4798	11328	0.0321185	24.015	1890903
frame0127.ply	32.7061	41.0792	40.3517	11440	0.03187341	22.986	1852314
frame0128.ply	32.9448	41.3731	40.5491	10848	0.03812456	20.752	1777129
frame0129.ply	33.1607	41.5184	40.8111	10424	0.03732644	21.228	1828531
frame0130.ply	33.2375	41.2341	40.6375	10400	0.04163234	15.879	1717077
frame0131.ply	33.2245	41.6208	41.0109	10896	0.02516805	19.435	1845147
frame0132.ply	33.1207	41.7444	40.9532	10296	0.02408561	23.791	1893999
frame0133.ply	33.4041	41.8276	40.8644	10392	0.03545074	24.657	1922320
frame0134.ply	33.2261	41.3145	40.5269	10824	0.03545227	24.955	1954548
frame0135.ply	33.3734	41.8613	40.7966	9632	0.03076271	23.3	1878099
frame0136.ply	33.2221	41.5307	40.7145	10368	0.03116279	23.93	1916282
frame0137.ply	32.7786	41.2091	40.1055	10944	0.03202659	22.641	1822988
frame0138.ply	33.0757	41.3032	40.4678	10576	0.0287248	22.304	1812425
frame0139.ply	33.076	41.19	40.4203	10104	0.02402555	20.038	1723505
frame0140.ply	32.7189	41.3192	40.4429	10216	0.02264233	20.112	1734680
frame0141.ply	32.808	41.1717	40.4634	10712	0.02298963	20.96	1781164
frame0142.ply	32.931	41.4265	40.3755	9864	0.02146725	16.486	1701778
frame0143.ply	33.0659	41.3871	40.5614	10104	0.02177771	21.123	1803982
frame0144.ply	32.9907	41.4899	40.5024	10344	0.02667566	20.045	1813352
frame0145.ply	33.0223	41.5859	40.6302	10200	0.02738324	21.857	1791204
frame0146.ply	33.2536	41.5323	40.8032	9984	0.02714999	17.065	1791368
frame0147.ply	33.519	41.9205	41.0878	9800	0.02545924	18.372	1829439
frame0148.ply	33.2947	41.5686	40.4653	9456	0.02588054	19.869	1622114
frame0149.ply	33.3461	41.603	40.7997	9040	0.01889182	19.348	1678661
frame0150.ply	32.9646	41.3051	40.5037	10128	0.02055141	18.977	1639835
frame0151.ply	32.6874	40.8166	39.9585	10224	0.02124175	18.757	1599201
frame0152.ply	32.5895	41.0976	40.2004	10320	0.02074521	18.858	1609850
frame0153.ply	32.5882	41.0756	40.2681	10280	0.02021418	19.221	1646680
frame0154.ply	32.6253	41.0691	39.9102	10072	0.02031907	18.976	1619814
frame0155.ply	32.3811	40.9832	40.0273	10192	0.02003983	16.741	1628047
frame0156.ply	32.3328	40.9465	39.8768	9992	0.02012009	18.446	1600486
frame0157.ply	32.4645	41.015	40.0799	10040	0.02132792	18.466	1585697
frame0158.ply	32.3078	40.8366	39.9999	10368	0.02168164	16.79	1603298
frame0159.ply	32.2717	40.7697	39.9303	10512	0.02146631	18.408	1582233
frame0160.ply	32.2956	40.9107	39.9515	10208	0.02196778	14.917	1578493
frame0161.ply	32.1762	40.9218	39.992	10448	0.02263606	16.218	1575106
frame0162.ply	32.2993	41.0351	40.1812	10280	0.02287641	18.237	1568870
frame0163.ply	32.3067	40.9764	39.9908	10128	0.02239176	14.64	1564761
frame0164.ply	32.2882	41.0416	40.0871	10112	0.02290045	18.264	1568449
frame0165.ply	32.4888	41.3589	40.2875	9720	0.02162085	17.755	1548509
frame0166.ply	32.4792	41.2512	40.1696	10096	0.02249753	17.748	1529274
frame0167.ply	32.4635	41.137	40.1695	9952	0.02278198	17.492	1505385
frame0168.ply	32.5319	41.3941	40.2227	9648	0.02340617	17.834	1518619
frame0169.ply	32.3088	40.8564	39.9565	10024	0.02877766	17.378	1506076
frame0170.ply	32.7192	41.4768	40.2919	9464	0.02845293	18.873	1515259
frame0171.ply	32.4917	41.1408	40.0134	10064	0.03247998	18.345	1523747
frame0172.ply	32.6026	41.3276	40.1483	9888	0.02906814	18.078	1602088
frame0173.ply	32.3315	40.9707	39.7629	10680	0.03190802	20.067	1599728
frame0174.ply	32.3194	40.9994	39.8076	11024	5.62713565	17.94	1662524
frame0175.ply	32.3787	41.168	39.597	11000	0.05933817	18.251	1659483
frame0176.ply	32.7321	41.287	39.961	10016	0.03108191	21.104	1655922
frame0177.ply	32.9023	41.692	40.3189	9424	0.04718551	15.965	1585538
frame0178.ply	32.7737	41.183	39.9369	9728	0.02687609	20.492	1616878
frame0179.ply	32.6021	40.9655	39.5288	10800	0.02492641	20.971	1648878
frame0180.ply	32.3588	40.6247	39.416	11488	0.02232516	21.504	1713016
frame0181.ply	32.169	40.6106	39.215	12528	0.02361746	21.379	1758141
frame0182.ply	32.1259	40.2391	39.0968	13176	0.03284446	22.258	1793961
frame0183.ply	31.9421	40.434	39.1854	13720	0.03415305	21.141	1804630
frame0184.ply	32.1015	40.5544	39.3892	13960	0.03463859	21.742	1856690
frame0185.ply	32.619	41.0351	40.0321	12064	0.0309616	21.327	1832835
frame0186.ply	32.352	40.7526	39.6406	13416	0.03171952	21.82	1908676
frame0187.ply	32.5479	40.9682	39.6996	12080	0.03018336	19.635	1841510
frame0188.ply	32.5091	40.9961	39.935	12472	0.03012005	22.421	1909681
frame0189.ply	32.7582	41.3855	40.2612	11384	0.01918103	22.866	1928745
frame0190.ply	32.9484	41.5656	40.5277	10984	0.01919434	22.489	1932535
frame0191.ply	32.8076	41.3153	40.3442	10808	0.02137607	21.433	1902914
frame0192.ply	32.7991	41.518	40.4424	11088	0.02247792	22.835	1923681
frame0193.ply	32.8201	41.3067	40.2311	11160	0.0228144	13.771	1854191
frame0194.ply	32.8889	41.3719	40.2944	11032	0.02113846	21.732	1821968
frame0195.ply	33.066	41.4239	40.3546	11168	0.02061869	22.331	1878150
frame0196.ply	33.0449	41.4882	40.5776	11136	0.02068313	18.859	1892202
frame0197.ply	33.2627	41.7725	40.891	10328	0.02810432	21.028	1828279
frame0198.ply	33.2435	41.6964	40.3533	9768	0.02779276	19.818	1720276
frame0199.ply	33.2337	41.4404	40.4463	9320	0.01951253	15.554	1646182
frame0200.ply	33.443	41.6007	40.5151	9328	0.01764536	19.867	1737470
frame0201.ply	33.1475	41.4941	40.2366	8848	0.01827976	18.066	1572065
frame0202.ply	33.0955	41.2751	40.1655	8856	0.02108873	12.808	1455945
frame0203.ply	33.266	41.459	40.2625	8928	0.01905402	17.389	1516754
frame0204.ply	33.1146	41.0945	39.9837	8848	0.02059533	16.614	1452889
frame0205.ply	33.4153	41.5597	40.5677	6864	0.0154836	14.391	1357045
frame0206.ply	33.3817	41.9189	40.5509	7280	0.01558641	14.584	1351352
frame0207.ply	33.3228	41.7578	40.6772	6592	0.00942516	12.686	1252768
frame0208.ply	33.3746	41.8237	40.7457	6776	0.00968902	13.441	1257205
frame0209.ply	33.4889	41.7568	40.7704	6536	0.01291408	13.227	1255589
frame0210.ply	33.6506	41.9847	40.9469	6336	0.00909124	12.117	1241275
frame0211.ply	33.6413	42.1739	41.0571	6208	0.01176731	7.018	1290462
frame0212.ply	33.4987	42.3755	41.219	6304	0.00899359	6.826	1263069
frame0213.ply	33.5321	42.0956	41.0914	6264	0.01172145	7.036	1292642
frame0214.ply	33.5652	41.9125	41.0394	6344	0.01217376	7.012	1287902
frame0215.ply	33.6843	42.1435	41.3144	6328	0.00868516	7.111	1309332
frame0000.ply	33.9629	42.3387	41.3979	21344	0.0573358	8.844	1492780
frame0001.ply	33.9461	42.1875	41.3103	22168	0.061714	16.89	1494261
frame0002.ply	33.9564	42.3359	41.3944	21544	0.0608248	17.412	1498733
frame0003.ply	34.0329	42.4713	41.5648	21208	0.05187275	17.097	1495415
frame0004.ply	33.9333	42.3287	41.3024	21032	0.05207082	17.113	1487127
frame0005.ply	34.0613	42.4921	41.4282	20984	0.05516577	16.884	1482317
frame0006.ply	34.0727	42.4924	41.6022	20584	0.05428201	15.521	1491283
frame0007.ply	34.0145	42.4012	41.3751	21400	0.0580982	15.913	1482045
frame0008.ply	34.0577	42.3357	41.4076	21504	0.08561162	11.329	1481350
frame0009.ply	34.1592	42.4209	41.4866	20120	0.1141651	16.87	1447024
frame0010.ply	34.0621	42.5535	41.3797	20360	0.16811373	17.009	1459475
frame0011.ply	34.1035	42.5179	41.6877	19944	0.9753814	12.32	1393968
frame0012.ply	34.2055	42.7314	41.7619	18944	0.4092845	16.238	1402053
frame0013.ply	34.0833	42.6182	41.6322	19880	0.2233154	16.335	1401687
frame0014.ply	34.0521	42.6669	41.6389	18928	1.60182	16.206	1397366
frame0015.ply	34.1952	42.8938	41.7794	19232	0.5079212	18.059	1421912
frame0016.ply	34.1912	42.8238	41.9903	19000	0.0726002	13.956	1428899
frame0017.ply	34.399	42.9547	42.1748	18048	0.04283902	16.214	1419363
frame0018.ply	34.3137	42.9811	42.0431	18744	0.03829915	18.578	1468863
frame0019.ply	34.47	42.953	42.0996	18624	0.0411225	18.621	1471941
frame0020.ply	34.289	42.7901	41.8329	19032	0.03938153	18.591	1472822
frame0021.ply	34.3178	42.6784	41.7526	19152	0.03869872	18.591	1473012
frame0022.ply	34.3436	42.959	41.8937	18656	0.03765635	17.626	1492233
frame0023.ply	34.4523	42.8782	41.873	19192	0.03763237	16.719	1511010
frame0024.ply	34.3084	42.6238	41.7439	19656	0.04078229	18.808	1502302
frame0025.ply	34.4191	42.7844	41.5986	19064	0.03968332	19.119	1509524
frame0026.ply	34.4318	43.1515	42.0036	18488	0.03898178	18.461	1461249
frame0027.ply	34.3374	42.7264	41.7937	19120	0.03972741	18.455	1455989
frame0028.ply	34.3028	42.8778	41.7401	18352	0.0394559	13.286	1389775
frame0029.ply	34.3909	43.0804	41.9845	17648	0.03920431	17.646	1401861
frame0030.ply	34.3602	42.8688	41.9606	17152	0.03831516	17.493	1380995
frame0031.ply	34.4075	42.7981	41.5406	18344	1.97528235	17.773	1399271
frame0032.ply	34.3364	42.7852	41.6808	18424	1.5609525	17.242	1373426
frame0033.ply	34.4677	43.3119	42.1391	16960	0.06685329	16.845	1319156
frame0034.ply	34.7257	43.3555	42.3644	16448	0.0611407	11.309	1341273
frame0035.ply	34.7708	43.1621	42.2736	16328	0.04827055	15.093	1320260
frame0036.ply	34.916	43.5226	42.5448	15064	0.0612227	16.542	1310366
frame0037.ply	34.8208	43.2509	42.3857	15280	0.057995	16.683	1314192
frame0038.ply	34.9631	43.5207	42.4889	16112	0.05901863	17.195	1364385
frame0039.ply	35.0572	43.5118	42.5842	15104	0.0649117	16.796	1318472
frame0040.ply	35.0806	43.5282	42.6349	15624	0.06000795	14.753	1375440
frame0041.ply	35.1156	43.6167	42.6586	15032	0.0602662	17.059	1342486
frame0042.ply	35.02	43.679	42.76	15240	0.06193516	17.099	1355565
frame0043.ply	35.0469	43.5327	42.6039	15304	0.0611245	16.763	1343776
frame0044.ply	35.0062	43.4124	42.5009	15680	0.0608712	17.24	1375442
frame0045.ply	34.9575	43.371	42.4769	15448	0.0626138	16.342	1317140
frame0046.ply	34.9893	43.7194	42.7019	15472	0.0632921	17.02	1343123
frame0047.ply	35.0398	43.7836	42.7328	14704	0.06422608	15.435	1310855
frame0048.ply	35.0668	43.518	42.7044	15536	0.06539196	17.339	1376647
frame0049.ply	34.9725	43.5808	42.6529	14664	0.54185581	9.322	1309336
frame0050.ply	35.0197	43.6907	42.8141	14920	0.07383756	17.025	1362628
frame0051.ply	34.9927	43.5733	42.7518	14128	0.01887308	15.172	1321796
frame0052.ply	34.9875	43.6905	42.7805	14328	0.01856155	15.612	1358358
frame0053.ply	34.9763	43.7651	42.8042	14336	0.01879739	15.58	1353252
frame0054.ply	35.0754	43.549	42.7815	14488	0.01859367	14.71	1382913
frame0055.ply	35.1125	43.6996	42.978	14200	0.01884538	15.343	1346917
frame0056.ply	35.2308	43.8833	43.2301	14416	0.01829758	16.478	1423531
frame0057.ply	35.2583	43.6305	42.9265	14432	0.01844239	14.584	1411126
frame0058.ply	35.086	43.7633	43.0577	15056	0.01842655	17.068	1473139
frame0059.ply	35.108	43.5132	42.5288	15280	0.02498434	16.837	1450193
frame0060.ply	35.1299	43.879	43.0185	14832	0.01819702	16.82	1462020
frame0061.ply	35.0129	43.5286	42.7412	14728	0.01883926	16.437	1411690
frame0062.ply	34.9799	43.4667	42.6122	15432	0.01933329	16.755	1456488
frame0063.ply	35.0562	43.3589	42.5589	15272	0.01937848	9.72	1450409
frame0064.ply	35.0569	43.5727	42.672	15880	0.01924128	17.714	1515264
frame0065.ply	35.0818	43.5457	42.7519	15728	0.01903799	17.7	1511995
frame0066.ply	35.1449	43.5538	42.8133	15896	0.01911095	17.247	1527753
frame0067.ply	35.1837	43.5534	42.8052	15712	0.0187803	16.281	1545510
frame0068.ply	35.1568	43.4879	42.749	16008	0.01860182	17.685	1588690
frame0069.ply	35.1451	43.5981	42.737	16384	0.01900681	18.45	1599261
frame0070.ply	35.1849	43.6285	42.8392	16352	0.01898978	17.668	1618029
frame0071.ply	35.1747	43.6001	42.6964	16320	0.0186402	19.085	1629895
frame0072.ply	35.1398	43.392	42.661	17128	0.01921461	19.348	1652474
frame0073.ply	35.09	43.4066	42.626	16872	0.03845509	18.886	1626242
frame0074.ply	35.1242	43.5231	42.7487	17136	0.03702467	19.714	1696024
frame0075.ply	35.0973	43.4	42.646	17184	0.03764879	19.733	1687347
frame0076.ply	35.0694	43.3188	42.666	17008	0.03728985	15.368	1664665
frame0077.ply	35.1588	43.4436	42.8284	16816	0.0350516	18.15	1702612
frame0078.ply	34.9942	43.4932	42.692	17160	0.03684422	16.884	1674631
frame0079.ply	35.0558	43.5283	42.7227	17384	0.02047287	19.986	1716856
frame0080.ply	34.9115	43.3121	42.4477	17344	0.02074927	19.817	1692861
frame0081.ply	34.9298	43.4121	42.4688	17472	0.02122993	19.307	1662403
frame0082.ply	34.9159	43.4098	42.4717	17448	0.02103117	17.747	1680106
frame0083.ply	34.9367	43.272	42.5266	17848	0.02129615	15.823	1701425
frame0084.ply	34.9009	43.135	42.2664	18928	0.02226688	20.052	1714736
frame0085.ply	34.8242	43.1309	42.323	19256	0.02278702	18.178	1707963
frame0086.ply	34.8408	42.8607	42.067	19904	0.04483086	14.767	1720086
frame0087.ply	34.9048	43.0153	42.1062	18392	0.04563195	18.417	1582349
frame0088.ply	35.251	42.9585	42.0706	16816	0.04363089	17.83	1534527
frame0089.ply	35.1424	43.406	42.4895	14424	0.0215891	15.45	1320930
frame0090.ply	35.0754	43.3603	42.7175	13896	0.01744285	15.731	1339419
frame0091.ply	34.9847	43.1887	42.1646	15736	0.01931457	16.448	1419102
frame0092.ply	35.2413	43.843	42.8053	15104	0.01924983	15.707	1479572
frame0093.ply	35.1787	43.8293	42.8603	17048	0.02133272	18.262	1529661
frame0094.ply	35.1466	44.103	42.9102	15632	0.0203063	18.264	1525347
frame0095.ply	34.8365	43.7283	42.6877	16368	0.02159537	17.199	1469737
frame0096.ply	34.9902	43.7119	42.651	17200	0.0222324	18.009	1546806
frame0097.ply	34.8875	43.725	42.6285	17672	0.0223246	18.644	1582600
frame0098.ply	34.7287	43.6979	42.6531	17088	0.0220309	14.05	1547688
frame0099.ply	34.7843	43.7982	42.6803	17712	0.02238412	18.595	1571690
frame0100.ply	34.7001	43.8062	42.6673	17280	0.02161725	13.735	1577244
frame0101.ply	34.6194	43.5845	42.629	17416	0.02160722	18.641	1591005
frame0102.ply	34.6206	43.5862	42.6245	17872	0.02188151	18.798	1609826
frame0103.ply	34.6449	43.6906	42.6618	17816	0.02190712	16.94	1604215
frame0104.ply	34.6409	43.6916	42.6343	17720	0.02171626	18.986	1617446
frame0105.ply	34.7256	43.5822	42.6642	17848	0.0222962	13.66	1595940
frame0106.ply	34.6618	43.5035	42.6781	17896	0.0225449	18.545	1587702
frame0107.ply	34.7166	43.5699	42.6903	17640	0.0225037	18.438	1568010
frame0108.ply	34.6777	43.5515	42.7178	17800	0.0226126	18.407	1574976
frame0109.ply	34.7312	43.6794	42.7804	16888	0.0217884	17.999	1550536
frame0110.ply	34.8869	43.6257	42.6985	17072	0.0215102	17.959	1583335
frame0111.ply	34.9351	43.6855	42.7542	16672	0.0212338	17.412	1564415
frame0112.ply	35.1586	43.7776	42.9324	15808	0.02015729	17.946	1538344
frame0113.ply	35.2985	44.1077	43.0734	15024	0.01929697	17.76	1529956
frame0114.ply	35.2571	44.0328	43.2164	13096	0.01974339	15.64	1324033
frame0115.ply	35.2258	43.5899	42.5278	15816	0.02106876	17.089	1467104
frame0116.ply	35.2273	43.575	42.5032	16704	0.02060823	16.956	1518077
frame0117.ply	35.3031	43.6423	42.6241	14992	0.01907935	17.313	1469049
frame0118.ply	35.1987	43.5508	42.4815	15424	0.01944604	16.902	1459131
frame0119.ply	35.2828	43.779	42.6211	15632	0.04194327	17.856	1519152
frame0120.ply	35.1426	43.1977	42.2122	16440	0.04546516	13.863	1495614
frame0121.ply	35.1173	43.4077	42.5751	19520	0.05744751	22.185	1771082
frame0122.ply	35.0617	43.4476	42.7472	20216	0.05766694	20.65	1815562
frame0123.ply	34.9477	43.1537	42.4559	21424	0.05818943	23.011	1866487
frame0124.ply	34.8911	43.1574	42.3593	21712	0.0601312	23.151	1889020
frame0125.ply	34.6674	42.7311	41.9862	21824	0.06018216	22.098	1773464
frame0126.ply	34.9294	42.9966	42.1974	22184	0.05781492	23.769	1890903
frame0127.ply	34.7593	42.7145	42.0195	22184	0.05834331	21.132	1852314
frame0128.ply	35.0442	43.007	42.0654	20464	0.0647729	22.378	1777129
frame0129.ply	35.256	43.2455	42.4068	20072	0.0629963	23.026	1828531
frame0130.ply	35.3657	43.0213	42.3786	19896	0.0684605	20.989	1717077
frame0131.ply	35.3849	43.2497	42.5613	20744	0.0468047	23.309	1845147
frame0132.ply	35.246	43.4431	42.5591	20584	0.0501162	16.858	1893999
frame0133.ply	35.3608	43.3815	42.6484	19824	0.06071228	24.259	1922320
frame0134.ply	35.2186	43.3265	42.4928	20776	0.061099	18.63	1954548
frame0135.ply	35.3698	43.4286	42.7231	18752	0.05523967	23.399	1878099
frame0136.ply	35.1814	43.4129	42.4873	19984	0.05824442	23.928	1916282
frame0137.ply	34.7362	42.9245	42.0466	21696	0.0602667	22.538	1822988
frame0138.ply	35.172	43.0502	42.2218	20664	0.05492293	22.301	1812425
frame0139.ply	35.0747	42.9734	42.2052	19296	0.04508571	20.151	1723505
frame0140.ply	34.9441	42.8508	42.0957	20240	0.0430085	19.99	1734680
frame0141.ply	35.0322	42.8586	42.2292	20768	0.04417018	19.194	1781164
frame0142.ply	35.0365	43.0868	42.2716	19360	0.04141258	19.369	1701778
frame0143.ply	35.094	43.2077	42.5312	19744	0.04117576	18.118	1803982
frame0144.ply	35.129	43.2515	42.3729	20208	0.05167892	22.305	1813352
frame0145.ply	35.1576	43.1503	42.3989	19792	0.05229652	19.373	1791204
frame0146.ply	35.4093	43.3655	42.5378	19184	0.05155729	22.177	1791368
frame0147.ply	35.6365	43.5792	42.7595	18712	0.04833383	22.424	1829439
frame0148.ply	35.6105	43.4964	42.5325	18376	0.04980962	19.976	1622114
frame0149.ply	35.4874	43.4095	42.6247	17736	0.03619912	15.941	1678661
frame0150.ply	35.1472	43.1808	42.48	19128	0.0381527	19.282	1639835
frame0151.ply	34.76	42.9361	42.2226	19576	0.04000897	16.928	1599201
frame0152.ply	34.7404	42.7166	42.1356	20128	0.03959877	18.373	1609850
frame0153.ply	34.6766	42.8628	42.0802	20192	0.03926948	19.117	1646680
frame0154.ply	34.6807	42.6811	41.8596	19704	0.03913048	18.95	1619814
frame0155.ply	34.4575	42.682	41.8009	20360	0.03898568	18.841	1628047
frame0156.ply	34.3881	42.7483	41.726	20192	0.04023927	15.587	1600486
frame0157.ply	34.4594	42.7984	42.0209	19632	0.04073005	16.366	1585697
frame0158.ply	34.3575	42.6533	41.9134	20192	0.04149548	14.458	1603298
frame0159.ply	34.3314	42.5363	41.5919	20352	0.04135728	18.367	1582233
frame0160.ply	34.4195	42.5753	41.6822	20296	0.04254835	18.371	1578493
frame0161.ply	34.3166	42.4871	41.6967	20472	0.04317684	18.311	1575106
frame0162.ply	34.3024	42.7778	41.7265	19920	0.04210451	18.246	1568870
frame0163.ply	34.3106	42.5498	41.6568	20048	0.04238565	18.033	1564761
frame0164.ply	34.3775	42.7271	41.8307	20232	0.04403777	18.182	1568449
frame0165.ply	34.628	43.0281	42.1822	19456	0.04134567	17.21	1548509
frame0166.ply	34.5312	43.0413	42.0307	19272	0.04160684	15.118	1529274
frame0167.ply	34.4976	42.8691	41.9206	18880	0.04185493	17.573	1505385
frame0168.ply	34.6134	42.8994	42.2016	18752	0.04314764	17.177	1518619
frame0169.ply	34.484	42.5975	41.7902	19736	0.05547172	14.247	1506076
frame0170.ply	34.737	42.9941	42.0443	18328	0.05314919	18.653	1515259
frame0171.ply	34.585	42.8912	41.9231	19184	0.05746123	13.857	1523747
frame0172.ply	34.712	42.9375	42.0253	19440	0.05440478	20.104	1602088
frame0173.ply	34.5092	42.6457	41.4926	20848	0.06022658	20.143	1599728
frame0174.ply	34.4836	42.664	41.6304	21808	5.649958	20.617	1662524
frame0175.ply	34.509	42.7766	41.6505	22224	0.0826285	21.198	1659483
frame0176.ply	34.8723	43.0066	41.8625	20136	0.05452599	20.97	1655922
frame0177.ply	34.8907	43.2397	42.0002	18528	0.0712054	18.051	1585538
frame0178.ply	34.7865	43.087	41.8376	19216	0.0478238	20.599	1616878
frame0179.ply	34.6899	42.6193	41.5327	21328	0.0469089	20.817	1648878
frame0180.ply	34.434	42.5053	41.3925	23024	0.043624	21.542	1713016
frame0181.ply	34.3501	42.4298	41.1975	25040	0.0455866	22.012	1758141
frame0182.ply	34.3059	42.3104	40.9475	25912	0.06214928	22.388	1793961
frame0183.ply	34.0754	42.0854	41.0262	27752	0.06823931	22.176	1804630
frame0184.ply	34.2005	42.3224	41.3382	27488	0.06716355	23.009	1856690
frame0185.ply	34.7215	42.8485	41.8692	23528	0.05956075	22.59	1832835
frame0186.ply	34.5137	42.759	41.6386	26408	0.06080779	23.827	1908676
frame0187.ply	34.6577	42.8654	41.717	23976	0.05777373	22.894	1841510
frame0188.ply	34.6302	42.7945	41.8147	24904	0.0576974	23.96	1909681
frame0189.ply	34.8378	43.0706	42.1816	23176	0.03851229	15.912	1928745
frame0190.ply	35.0232	43.3396	42.5093	21848	0.03742931	24.111	1932535
frame0191.ply	34.7869	43.174	42.2236	21624	0.04137426	23.813	1902914
frame0192.ply	34.7906	43.0968	42.2527	22040	0.04338194	21.908	1923681
frame0193.ply	34.8447	43.0978	42.1519	22024	0.04370982	23.595	1854191
frame0194.ply	34.9007	43.1006	42.2871	21456	0.04006888	21.067	1821968
frame0195.ply	35.0582	43.1927	42.4071	22072	0.03964805	23.704	1878150
frame0196.ply	35.0837	43.1895	42.3822	21416	0.03867389	20.487	1892202
frame0197.ply	35.3148	43.6774	42.5379	19696	0.05206838	22.654	1828279
frame0198.ply	35.3185	43.6262	42.4429	18600	0.05272693	21.206	1720276
frame0199.ply	35.2426	43.1216	42.2515	18144	0.03760859	20.547	1646182
frame0200.ply	35.5647	43.4136	42.3835	17856	0.03362075	19.077	1737470
frame0201.ply	35.245	43.1053	42.1012	17152	0.03509069	19.462	1572065
frame0202.ply	35.1668	42.9932	42.1064	16704	0.03933569	11.585	1455945
frame0203.ply	35.3996	43.2744	42.3025	16920	0.03570696	18.797	1516754
frame0204.ply	35.1991	43.0945	41.9148	16904	0.03878286	17.997	1452889
frame0205.ply	35.4339	43.3722	42.553	13592	0.03019492	15.263	1357045
frame0206.ply	35.4201	43.4531	42.5098	14048	0.02926078	14.265	1351352
frame0207.ply	35.3536	43.6258	42.619	12944	0.01869774	14.541	1252768
frame0208.ply	35.4895	43.7481	42.758	12608	0.01828423	14.533	1257205
frame0209.ply	35.5037	43.5311	42.6891	12536	0.02431475	14.423	1255589
frame0210.ply	35.5979	43.8873	42.8872	12064	0.01757412	14.46	1241275
frame0211.ply	35.6819	43.8424	42.8401	12064	0.0223007	7.581	1290462
frame0212.ply	35.4808	43.7688	42.8561	12160	0.01739182	7.4	1263069
frame0213.ply	35.6449	43.7205	42.9682	12400	0.02266031	7.61	1292642
frame0214.ply	35.5472	43.8284	42.8576	12376	0.02295464	7.56	1287902
frame0215.ply	35.774	43.972	43.1658	12208	0.01686676	7.706	1309332
frame0000.ply	36.6295	44.0802	43.3798	49232	0.1188592	9.574	1492780
frame0001.ply	36.5745	43.9538	43.14	49952	0.1199148	18.696	1494261
frame0002.ply	36.6552	44.1074	43.404	49680	0.1275927	18.947	1498733
frame0003.ply	36.6795	44.2423	43.3431	48656	0.1103941	16.879	1495415
frame0004.ply	36.6236	44.1368	43.2197	49016	0.121919	18.631	1487127
frame0005.ply	36.707	44.2737	43.5226	47784	0.1098121	17.855	1482317
frame0006.ply	36.768	44.2749	43.4909	46744	0.1137408	18.786	1491283
frame0007.ply	36.6697	44.1529	43.3074	48256	0.1153943	18.462	1482045
frame0008.ply	36.6964	44.1587	43.2662	48624	0.1552673	18.674	1481350
frame0009.ply	36.7927	44.3822	43.5254	46360	0.2046358	15.748	1447024
frame0010.ply	36.767	44.3155	43.4138	46800	0.2245669	18.415	1459475
frame0011.ply	36.7337	44.2726	43.4843	45192	1.1221056	17.503	1393968
frame0012.ply	36.8196	44.5217	43.69	43320	0.4875679	12.057	1402053
frame0013.ply	36.752	44.412	43.5816	45304	0.3099024	16.722	1401687
frame0014.ply	36.7219	44.395	43.537	44304	1.8410403	17.587	1397366
frame0015.ply	36.8434	44.6306	43.7119	44344	0.6031776	18.196	1421912
frame0016.ply	36.8477	44.6271	43.7513	43288	0.1278809	18.154	1428899
frame0017.ply	36.9688	44.7086	43.9351	40912	0.0839314	18.11	1419363
frame0018.ply	36.8762	44.6385	43.84	42632	0.08504365	18.442	1468863
frame0019.ply	36.9721	44.8244	44.0133	42008	0.08390211	18.638	1471941
frame0020.ply	36.8773	44.4585	43.6166	44384	0.08751809	12.271	1472822
frame0021.ply	36.8636	44.5372	43.7203	44280	0.08781403	18.071	1473012
frame0022.ply	36.8908	44.6339	43.7195	43224	0.08459428	18.815	1492233
frame0023.ply	36.9777	44.5924	43.7243	43656	0.08326882	19.049	1511010
frame0024.ply	36.8536	44.3911	43.4778	44960	0.08734031	18.607	1502302
frame0025.ply	36.9459	44.6194	43.5768	43336	0.08321221	19.125	1509524
frame0026.ply	36.9814	44.7062	43.7301	42232	0.08483592	18.448	1461249
frame0027.ply	36.9076	44.6603	43.7656	43456	0.0875889	18.374	1455989
frame0028.ply	36.8817	44.6233	43.6787	41200	0.08698313	17.069	1389775
frame0029.ply	36.9767	44.711	43.7824	40392	0.08431463	17.676	1401861
frame0030.ply	36.9514	44.662	43.6998	39448	0.0838118	16.929	1380995
frame0031.ply	36.9719	44.5821	43.6299	41712	2.0160422	17.831	1399271
frame0032.ply	36.9335	44.755	43.647	41376	1.7933415	17.427	1373426
frame0033.ply	37.0685	45.1052	44.054	37728	0.1333869	16.806	1319156
frame0034.ply	37.327	45.2611	44.362	35968	0.1167024	17.05	1341273
frame0035.ply	37.3414	45.3197	44.3217	35792	0.1022667	16.789	1320260
frame0036.ply	37.3977	45.4805	44.5994	33792	0.119944	14.905	1310366
frame0037.ply	37.474	45.3582	44.584	33904	0.1152344	14.843	1314192
frame0038.ply	37.5469	45.4621	44.59	35328	0.1173498	15.392	1364385
frame0039.ply	37.6321	45.4812	44.5162	32768	0.1229446	9.945	1318472
frame0040.ply	37.6802	45.4954	44.6245	34312	0.1138103	17.48	1375440
frame0041.ply	37.6633	45.5926	44.7658	33032	0.1133872	16.993	1342486
frame0042.ply	37.5717	45.5403	44.5786	33720	0.1174574	17.146	1355565
frame0043.ply	37.6576	45.5359	44.7195	33160	0.1146583	16.346	1343776
frame0044.ply	37.6649	45.462	44.6625	34592	0.1165271	16.493	1375442
frame0045.ply	37.5441	45.4812	44.5758	33576	0.1174614	16.535	1317140
frame0046.ply	37.605	45.599	44.6406	33808	0.1187989	16.958	1343123
frame0047.ply	37.6274	45.5656	44.7399	32696	0.1219438	16.433	1310855
frame0048.ply	37.6178	45.6156	44.725	34560	0.113724	17.435	1376647
frame0049.ply	37.6171	45.6409	44.7788	32896	0.6466102	16.309	1309336
frame0050.ply	37.6064	45.5534	44.7876	33272	0.1321072	14.318	1362628
frame0051.ply	37.5706	45.5338	44.8073	31648	0.0434226	15.348	1321796
frame0052.ply	37.579	45.5122	44.7885	32560	0.0435911	15.72	1358358
frame0053.ply	37.4877	45.4099	44.7776	32504	0.043782	15.613	1353252
frame0054.ply	37.5727	45.5581	44.8226	32928	0.0434502	9.716	1382913
frame0055.ply	37.5917	45.5346	44.7744	31688	0.0433583	15.487	1346917
frame0056.ply	37.7177	45.7009	44.8977	32752	0.0424864	14.921	1423531
frame0057.ply	37.7093	45.6778	44.88	32712	0.0431754	15.114	1411126
frame0058.ply	37.6693	45.6284	44.818	34304	0.0430747	14.025	1473139
frame0059.ply	37.6528	45.5591	44.7517	34688	0.0546354	15.496	1450193
frame0060.ply	37.6629	45.6201	44.8271	34024	0.0428206	8.835	1462020
frame0061.ply	37.5257	45.3967	44.6533	34080	0.0452974	15.046	1411690
frame0062.ply	37.5088	45.3461	44.5497	35184	0.0452301	15.724	1456488
frame0063.ply	37.5908	45.3626	44.6188	34952	0.045203	15.572	1450409
frame0064.ply	37.6187	45.3723	44.5682	36528	0.0452481	16.317	1515264
frame0065.ply	37.6023	45.4187	44.6042	36280	0.0453104	16.452	1511995
frame0066.ply	37.6056	45.4511	44.6992	35888	0.0442356	16.523	1527753
frame0067.ply	37.618	45.4546	44.6792	35328	0.042997	16.694	1545510
frame0068.ply	37.631	45.3758	44.6257	36168	0.0428349	15.519	1588690
frame0069.ply	37.5856	45.3364	44.5833	36976	0.0435345	17.185	1599261
frame0070.ply	37.6086	45.3943	44.6503	36752	0.0429951	17.411	1618029
frame0071.ply	37.6228	45.4475	44.7324	37112	0.0431887	17.584	1629895
frame0072.ply	37.5992	45.3103	44.585	38448	0.044235	17.733	1652474
frame0073.ply	37.5136	45.198	44.5209	37768	0.0830011	16.48	1626242
frame0074.ply	37.6125	45.2316	44.5502	38600	0.0800614	18.047	1696024
frame0075.ply	37.4955	45.2129	44.5798	38392	0.0809627	14.401	1687347
frame0076.ply	37.4474	45.1426	44.5002	38592	0.0810168	17.794	1664665
frame0077.ply	37.5255	45.2085	44.5197	38536	0.0777735	18.388	1702612
frame0078.ply	37.3615	45.1592	44.4581	39560	0.0817657	10.916	1674631
frame0079.ply	37.467	45.2317	44.5414	39712	0.0466965	18.546	1716856
frame0080.ply	37.2886	45.1258	44.4097	40432	0.0482782	18.397	1692861
frame0081.ply	37.3133	45.0368	44.3544	40328	0.0489236	18.241	1662403
frame0082.ply	37.3338	45.0986	44.3881	40576	0.0488185	17.999	1680106
frame0083.ply	37.366	45.1061	44.3098	40632	0.0483882	16.646	1701425
frame0084.ply	37.3137	44.9184	44.3282	41592	0.0488669	18.29	1714736
frame0085.ply	37.2905	44.8372	44.2112	43072	0.0508793	14.475	1707963
frame0086.ply	37.3717	44.7565	44.044	44384	0.0942853	18.337	1720086
frame0087.ply	37.4434	44.9306	44.1128	41360	0.0973459	16.975	1582349
frame0088.ply	37.7308	45.1284	44.2291	37048	0.0925239	14.769	1534527
frame0089.ply	37.6102	45.3394	44.5108	32840	0.049545	14.161	1320930
frame0090.ply	37.6185	45.2957	44.6429	32496	0.0428315	14.505	1339419
frame0091.ply	37.462	45.2981	44.18	36864	0.0457857	15.168	1419102
frame0092.ply	37.7523	45.7445	44.7444	34272	0.0439389	15.946	1479572
frame0093.ply	37.8029	45.8262	44.8824	38056	0.0478337	16.397	1529661
frame0094.ply	37.7341	45.8967	44.857	36168	0.0470067	15.717	1525347
frame0095.ply	37.335	45.5236	44.6406	37976	0.0502652	15.898	1469737
frame0096.ply	37.3849	45.6309	44.7131	38224	0.0494089	16.674	1546806
frame0097.ply	37.3479	45.6497	44.5841	39800	0.0502443	16.484	1582600
frame0098.ply	37.142	45.5163	44.5612	39200	0.0505487	15.705	1547688
frame0099.ply	37.0819	45.5953	44.6098	39616	0.0501115	18.394	1571690
frame0100.ply	36.9932	45.435	44.4382	39136	0.049045	14.377	1577244
frame0101.ply	36.9061	45.2067	44.3168	40432	0.0502553	18.737	1591005
frame0102.ply	36.9226	45.204	44.2848	40856	0.0500922	12.118	1609826
frame0103.ply	36.9489	45.2243	44.2772	40696	0.0501458	18.652	1604215
frame0104.ply	36.9725	45.3009	44.3801	40720	0.0499627	18.906	1617446
frame0105.ply	37.0034	45.2067	44.4234	39936	0.0499002	17.551	1595940
frame0106.ply	37.0285	45.2912	44.4844	41000	0.0516501	18.505	1587702
frame0107.ply	37.0491	45.2453	44.5134	40320	0.0514366	18.291	1568010
frame0108.ply	37.0364	45.3838	44.5101	40136	0.0509733	18.432	1574976
frame0109.ply	37.0608	45.3903	44.4988	38552	0.0497088	17.985	1550536
frame0110.ply	37.2024	45.498	44.6255	38488	0.0485052	17.593	1583335
frame0111.ply	37.2638	45.5374	44.594	37656	0.0479153	18.22	1564415
frame0112.ply	37.5723	45.8405	44.8441	35328	0.0449799	17.818	1538344
frame0113.ply	37.6965	45.9773	45.0562	33704	0.0432851	17.841	1529956
frame0114.ply	37.7076	46.0304	44.9475	29880	0.0450466	15.662	1324033
frame0115.ply	37.6847	45.6641	44.4737	35536	0.0474163	17.225	1467104
frame0116.ply	37.7288	45.4334	44.4053	37080	0.0460623	17.846	1518077
frame0117.ply	37.8159	45.569	44.6276	34576	0.0444776	17.126	1469049
frame0118.ply	37.7388	45.3725	44.4478	35064	0.0452257	17.183	1459131
frame0119.ply	37.7826	45.4738	44.5612	34688	0.0893331	16.201	1519152
frame0120.ply	37.6804	45.2348	44.3228	36440	0.0956911	17.52	1495614
frame0121.ply	37.7073	45.256	44.5012	43336	0.1217674	22.064	1771082
frame0122.ply	37.6059	45.2856	44.5188	45136	0.1228579	22.694	1815562
frame0123.ply	37.5426	45.0705	44.3339	48160	0.1237878	19.885	1866487
frame0124.ply	37.5589	44.9151	44.2309	49104	0.1252029	19.181	1889020
frame0125.ply	37.2908	44.4899	43.8981	49088	0.1254368	22.24	1773464
frame0126.ply	37.4987	44.7679	44.0126	50232	0.1220925	19.228	1890903
frame0127.ply	37.3241	44.6095	43.8816	50080	0.1244926	23.518	1852314
frame0128.ply	37.6355	44.81	44	45688	0.1318745	22.389	1777129
frame0129.ply	37.829	45.0481	44.2884	44288	0.1266852	22.887	1828531
frame0130.ply	37.9529	45.1451	44.3777	42664	0.1329753	21.922	1717077
frame0131.ply	38.0519	45.2077	44.4865	45080	0.1035428	17.033	1845147
frame0132.ply	37.8813	45.1843	44.4162	45840	0.1054303	20.077	1893999
frame0133.ply	37.8498	45.2306	44.5637	44400	0.1190459	24.263	1922320
frame0134.ply	37.7589	45.1588	44.3932	47024	0.1220821	22.725	1954548
frame0135.ply	37.8035	45.2728	44.422	43224	0.1160199	22.153	1878099
frame0136.ply	37.6386	45.2308	44.3519	46000	0.1197698	24.092	1916282
frame0137.ply	37.173	44.865	43.932	49080	0.1271952	22.51	1822988
frame0138.ply	37.7039	44.957	44.273	45552	0.1153137	22.433	1812425
frame0139.ply	37.622	45.0341	44.2326	42912	0.0947456	19.678	1723505
frame0140.ply	37.5344	44.7049	44.027	45480	0.092902	17.57	1734680
frame0141.ply	37.6759	44.8222	44.1292	45384	0.0916553	20.757	1781164
frame0142.ply	37.6126	45.0703	44.3628	42776	0.0874411	16.079	1701778
frame0143.ply	37.6902	45.2179	44.4583	44440	0.0869952	20.055	1803982
frame0144.ply	37.6996	45.0435	44.384	45024	0.1117411	22.16	1813352
frame0145.ply	37.7777	45.0271	44.321	44288	0.112728	17.326	1791204
frame0146.ply	37.9655	45.2095	44.4794	42240	0.1101068	21.379	1791368
frame0147.ply	38.3857	45.404	44.699	40496	0.1018881	22.35	1829439
frame0148.ply	38.3505	45.3574	44.4984	39376	0.1059707	17.475	1622114
frame0149.ply	38.3027	45.3651	44.6664	39032	0.0776262	19.562	1678661
frame0150.ply	37.8571	45.1477	44.575	41784	0.080168	17.244	1639835
frame0151.ply	37.4668	44.7839	44.2709	43848	0.086666	18.734	1599201
frame0152.ply	37.41	44.7417	44.153	44752	0.0852977	18.729	1609850
frame0153.ply	37.3294	44.7182	43.9707	45520	0.0851098	19.137	1646680
frame0154.ply	37.224	44.7289	44.0137	44536	0.0850407	18.744	1619814
frame0155.ply	37.0401	44.5355	43.6603	46704	0.0856747	18.888	1628047
frame0156.ply	36.9901	44.481	43.6177	46080	0.0883125	18.617	1600486
frame0157.ply	37.0691	44.6285	43.8926	45368	0.0894085	16.93	1585697
frame0158.ply	36.9645	44.5141	43.6827	46568	0.0902985	18.231	1603298
frame0159.ply	36.9382	44.2723	43.5075	46752	0.0905134	17.92	1582233
frame0160.ply	36.9681	44.358	43.6058	46024	0.0916206	14.265	1578493
frame0161.ply	36.8694	44.2972	43.5405	46832	0.0929273	14.275	1575106
frame0162.ply	36.8288	44.4418	43.5595	45584	0.0915762	18.372	1568870
frame0163.ply	36.8909	44.3976	43.6181	46200	0.09199	18.217	1564761
frame0164.ply	36.9611	44.4843	43.6209	45984	0.0933827	17.651	1568449
frame0165.ply	37.1797	44.7612	43.9887	43112	0.0879992	16.529	1548509
frame0166.ply	37.1068	44.7901	43.9029	43144	0.0896301	18.058	1529274
frame0167.ply	37.0976	44.7327	43.8539	42840	0.0909787	17.476	1505385
frame0168.ply	37.1451	44.8305	43.9105	42136	0.0899452	17.499	1518619
frame0169.ply	37.0852	44.4707	43.6582	43688	0.1186382	18.088	1506076
frame0170.ply	37.29	44.7337	43.9151	41256	0.1124882	18.808	1515259
frame0171.ply	37.1449	44.7229	43.9267	43568	0.1204662	19.21	1523747
frame0172.ply	37.2946	44.8103	43.9851	44288	0.1157721	14.668	1602088
frame0173.ply	37.0497	44.5541	43.5594	47040	0.1228589	20.267	1599728
frame0174.ply	37.1353	44.6355	43.6621	49896	5.7048141	19.206	1662524
frame0175.ply	37.112	44.6737	43.7399	49880	0.1443935	17.706	1659483
frame0176.ply	37.4716	44.8993	44.0175	45080	0.10724305	21.093	1655922
frame0177.ply	37.4628	45.166	44.1125	41896	0.124914	19.877	1585538
frame0178.ply	37.3378	45.0406	44.0279	44008	0.1007171	18.462	1616878
frame0179.ply	37.3285	44.5817	43.5974	47456	0.0971139	20.93	1648878
frame0180.ply	37.1294	44.5374	43.4055	51512	0.0930394	21.387	1713016
frame0181.ply	37.0565	44.3201	43.2255	56296	0.0989521	21.977	1758141
frame0182.ply	37.0063	44.2208	43.0281	58184	0.1320405	22.313	1793961
frame0183.ply	36.8287	44.0986	43.115	62320	0.1477477	22.541	1804630
frame0184.ply	36.8969	44.2976	43.3182	61568	0.1451553	22.914	1856690
frame0185.ply	37.3906	44.7895	43.973	52712	0.130484	18.56	1832835
frame0186.ply	37.3002	44.7102	43.6995	59560	0.13271601	21.464	1908676
frame0187.ply	37.3604	44.7411	43.7299	53680	0.12457074	22.799	1841510
frame0188.ply	37.269	44.7423	43.8492	56224	0.12502306	23.72	1909681
frame0189.ply	37.4373	45.075	44.1755	51928	0.0847601	24.04	1928745
frame0190.ply	37.5764	45.1007	44.361	48944	0.0819599	22.459	1932535
frame0191.ply	37.287	45.0276	44.0898	49808	0.0913705	23.527	1902914
frame0192.ply	37.3044	45.0966	44.212	50416	0.0943588	24.148	1923681
frame0193.ply	37.4189	44.9563	44.1374	49960	0.0942248	23.37	1854191
frame0194.ply	37.4102	44.9671	44.1565	47872	0.0853006	22.747	1821968
frame0195.ply	37.5498	45.151	44.3214	47704	0.0823034	15.203	1878150
frame0196.ply	37.6348	45.1101	44.2688	47368	0.0820974	23.884	1892202
frame0197.ply	37.9081	45.4594	44.582	43312	0.107991	22.64	1828279
frame0198.ply	37.801	45.2822	44.3102	41392	0.1121913	21.128	1720276
frame0199.ply	37.8165	45.1438	44.3291	39744	0.0803114	19.148	1646182
frame0200.ply	38.074	45.3728	44.5582	39728	0.0732972	19.591	1737470
frame0201.ply	37.7805	45.0362	44.181	38304	0.0771554	19.295	1572065
frame0202.ply	37.7072	44.987	44.0894	36872	0.0841272	16.424	1455945
frame0203.ply	37.9467	45.1391	44.2844	36456	0.0757061	18.697	1516754
frame0204.ply	37.7423	44.9468	44.0796	36616	0.0819688	15.809	1452889
frame0205.ply	37.9501	45.2534	44.5305	30240	0.0628814	15.066	1357045
frame0206.ply	37.9068	45.3245	44.4645	30616	0.0606418	15.108	1351352
frame0207.ply	37.8589	45.2459	44.4937	28920	0.0431866	13.975	1252768
frame0208.ply	38.0024	45.4664	44.7387	28112	0.0420823	10.334	1257205
frame0209.ply	38.0448	45.3544	44.6169	27584	0.0514678	14.474	1255589
frame0210.ply	38.0929	45.5546	44.7421	26688	0.040098	14.537	1241275
frame0211.ply	38.2216	45.5339	44.7266	26824	0.0474978	7.527	1290462
frame0212.ply	38.0545	45.4991	44.6357	27552	0.040523	7.367	1263069
frame0213.ply	38.0974	45.4789	44.7847	27304	0.0477493	7.551	1292642
frame0214.ply	38.1188	45.4663	44.8079	27640	0.0489838	7.515	1287902
frame0215.ply	38.2319	45.6674	44.9324	26944	0.038479	7.646	1309332
frame0000.ply	39.3272	45.6534	44.9024	109080	0.266278	9.551	1492780
frame0001.ply	39.2835	45.5477	44.7782	111448	0.2492932	18.704	1494261
frame0002.ply	39.3198	45.7125	44.9347	109392	0.2765376	16.983	1498733
frame0003.ply	39.3589	45.6892	44.896	107720	0.2390673	17.04	1495415
frame0004.ply	39.3164	45.6391	44.8594	108456	0.2621486	18.571	1487127
frame0005.ply	39.3799	45.7916	45.0306	105472	0.2377769	15.042	1482317
frame0006.ply	39.4245	45.8021	45.0592	104400	0.2519338	16.353	1491283
frame0007.ply	39.332	45.6539	44.9191	107624	0.2600349	18.619	1482045
frame0008.ply	39.4148	45.7024	44.9454	109152	0.3136283	18.268	1481350
frame0009.ply	39.4823	45.9161	45.1308	103056	0.3978945	18.15	1447024
frame0010.ply	39.4676	45.8261	45.0069	103808	0.3857034	18.344	1459475
frame0011.ply	39.4554	45.8198	45.0383	101096	1.3252466	17.445	1393968
frame0012.ply	39.487	46.0296	45.2084	96688	0.6898088	17.541	1402053
frame0013.ply	39.4756	45.8917	45.1355	100904	0.511271	17.756	1401687
frame0014.ply	39.4344	45.9148	45.1477	99632	2.1268922	12.985	1397366
frame0015.ply	39.549	46.0612	45.2242	99296	0.7931019	13.861	1421912
frame0016.ply	39.5694	46.0929	45.2975	97352	0.2464407	18.343	1428899
frame0017.ply	39.6103	46.1295	45.3527	93224	0.1828953	12.485	1419363
frame0018.ply	39.5323	46.0874	45.3658	97488	0.192392	18.425	1468863
frame0019.ply	39.6212	46.2553	45.4909	96032	0.1877043	17.676	1471941
frame0020.ply	39.5315	45.9884	45.2338	100824	0.1948326	18.217	1472822
frame0021.ply	39.5477	46.0046	45.2399	100648	0.2003662	18.569	1473012
frame0022.ply	39.5391	45.9902	45.2352	99440	0.1973671	18.705	1492233
frame0023.ply	39.5876	46.0614	45.2334	99248	0.1905701	18.007	1511010
frame0024.ply	39.4738	45.8282	45.0268	102160	0.1940604	18.752	1502302
frame0025.ply	39.5649	46.0547	45.084	99664	0.1858843	19.069	1509524
frame0026.ply	39.6516	46.2039	45.3221	96648	0.192007	18.499	1461249
frame0027.ply	39.6035	46.1726	45.2947	97456	0.193136	18.451	1455989
frame0028.ply	39.5896	46.1167	45.2129	92816	0.1991251	17.274	1389775
frame0029.ply	39.6164	46.1794	45.4142	91320	0.1930601	14.188	1401861
frame0030.ply	39.5821	46.0878	45.2176	88992	0.1866701	17.416	1380995
frame0031.ply	39.6464	46.19	45.3084	92864	2.3489097	14.075	1399271
frame0032.ply	39.6257	46.2738	45.2856	91664	1.8832578	16.105	1373426
frame0033.ply	39.7485	46.5935	45.601	83576	0.2717423	16.652	1319156
frame0034.ply	39.9485	46.7375	45.8734	79384	0.2554693	16.954	1341273
frame0035.ply	39.986	46.8246	45.9047	78568	0.2297287	16.593	1320260
frame0036.ply	40.0219	46.9403	46.0888	74904	0.2488642	16.608	1310366
frame0037.ply	40.1242	46.91	46.0866	74096	0.2359183	16.97	1314192
frame0038.ply	40.1625	46.9208	46.1238	76312	0.2368113	17.295	1364385
frame0039.ply	40.2081	47.0025	46.1132	71696	0.2492198	16.981	1318472
frame0040.ply	40.284	46.9995	46.1264	73840	0.2283124	13.774	1375440
frame0041.ply	40.2969	46.9983	46.1497	71520	0.2313013	16.482	1342486
frame0042.ply	40.2072	47.027	46.0916	74488	0.2414127	17.054	1355565
frame0043.ply	40.25	46.9529	46.1473	71928	0.2295596	16.978	1343776
frame0044.ply	40.2681	46.9665	46.0666	74848	0.2320455	17.355	1375442
frame0045.ply	40.2256	46.9363	46.0108	73152	0.2320159	12.72	1317140
frame0046.ply	40.2429	46.9726	46.1841	72984	0.2284275	16.81	1343123
frame0047.ply	40.2599	47.0563	46.1772	70400	0.2336447	16.367	1310855
frame0048.ply	40.2161	47.0373	46.2284	74360	0.2129679	17.407	1376647
frame0049.ply	40.2225	46.9602	46.1403	70768	0.8013369	16.385	1309336
frame0050.ply	40.2322	46.9407	46.1448	72856	0.2591387	17.3	1362628
frame0051.ply	40.144	46.8889	46.1376	69760	0.0980495	15.331	1321796
frame0052.ply	40.1348	46.9088	46.1309	71360	0.0975438	15.778	1358358
frame0053.ply	40.1411	46.8849	46.0606	72872	0.1007905	15.571	1353252
frame0054.ply	40.1672	46.9677	46.1967	72864	0.0986852	14.663	1382913
frame0055.ply	40.1903	46.898	46.1428	70448	0.0984747	10.367	1346917
frame0056.ply	40.2907	46.9912	46.2731	71952	0.0954498	16.329	1423531
frame0057.ply	40.2994	46.9998	46.2466	71968	0.0974764	16.293	1411126
frame0058.ply	40.2737	47.0055	46.2478	76296	0.0977529	15.625	1473139
frame0059.ply	40.2649	46.9263	46.0975	76136	0.1152839	16.819	1450193
frame0060.ply	40.2923	46.9841	46.1759	75848	0.0981776	17.035	1462020
frame0061.ply	40.173	46.8259	46.0795	75592	0.1015796	14.754	1411690
frame0062.ply	40.1703	46.7553	46.0449	78888	0.1033679	16.873	1456488
frame0063.ply	40.2196	46.8166	46.0532	77232	0.1019975	13.427	1450409
frame0064.ply	40.2002	46.8082	46.0466	80472	0.1009043	17.369	1515264
frame0065.ply	40.1962	46.7887	46.0398	81320	0.1029757	16.797	1511995
frame0066.ply	40.1929	46.797	46.1006	80360	0.1005013	17.446	1527753
frame0067.ply	40.1728	46.8262	46.1498	79328	0.0981841	18.061	1545510
frame0068.ply	40.1953	46.844	46.0776	81776	0.0986125	13.717	1588690
frame0069.ply	40.1557	46.711	46.0155	82976	0.0989773	18.327	1599261
frame0070.ply	40.2267	46.7892	46.0885	83440	0.0991058	18.817	1618029
frame0071.ply	40.2045	46.7939	46.1063	83752	0.0984787	16.72	1629895
frame0072.ply	40.1283	46.7508	46.013	86728	0.1011015	17.424	1652474
frame0073.ply	40.0391	46.534	45.8819	85272	0.1812631	19.162	1626242
frame0074.ply	40.0798	46.62	45.9228	87544	0.1745121	19.654	1696024
frame0075.ply	40.0089	46.5752	45.8939	87816	0.1782688	17.436	1687347
frame0076.ply	39.9042	46.4656	45.8281	88000	0.1784303	13.618	1664665
frame0077.ply	39.9991	46.596	45.9121	87760	0.1709817	19.837	1702612
frame0078.ply	39.8739	46.4925	45.7809	90096	0.1799359	19.51	1674631
frame0079.ply	39.9612	46.5657	45.8639	90992	0.1067813	19.881	1716856
frame0080.ply	39.7866	46.457	45.7485	93096	0.1109215	19.933	1692861
frame0081.ply	39.7944	46.4445	45.731	91320	0.1106252	19.655	1662403
frame0082.ply	39.8088	46.4449	45.664	91760	0.1101741	17.446	1680106
frame0083.ply	39.8471	46.3956	45.7007	92728	0.1101039	20.114	1701425
frame0084.ply	39.8599	46.383	45.7134	95616	0.1121346	18.62	1714736
frame0085.ply	39.8205	46.3442	45.6469	98096	0.1155893	19.717	1707963
frame0086.ply	39.9561	46.343	45.5973	99000	0.2021127	19.661	1720086
frame0087.ply	40.0857	46.4715	45.621	92024	0.2076507	18.457	1582349
frame0088.ply	40.3324	46.6415	45.8035	82600	0.196794	17.016	1534527
frame0089.ply	40.1751	46.8423	46.0478	72928	0.1108623	14.762	1320930
frame0090.ply	40.1372	46.8917	46.1328	72544	0.0996299	15.573	1339419
frame0091.ply	40.1718	46.8369	45.7938	82440	0.1036256	16.157	1419102
frame0092.ply	40.3496	47.1757	46.2251	77488	0.0998589	15.693	1479572
frame0093.ply	40.3702	47.3054	46.2764	82176	0.1036872	15.14	1529661
frame0094.ply	40.2259	47.3576	46.318	80384	0.1044117	17.753	1525347
frame0095.ply	39.8722	47.028	46.0733	84072	0.111595	17.2	1469737
frame0096.ply	39.9219	47.1161	46.1199	85776	0.1108919	18.031	1546806
frame0097.ply	39.8499	47.1383	46.0579	89256	0.1127265	18.598	1582600
frame0098.ply	39.633	46.8889	45.9036	88432	0.1140965	13.086	1547688
frame0099.ply	39.6562	46.9298	45.9834	90944	0.1152262	18.35	1571690
frame0100.ply	39.446	46.6813	45.7376	90576	0.1138406	18.522	1577244
frame0101.ply	39.3824	46.5065	45.6103	93864	0.1168306	18.616	1591005
frame0102.ply	39.3586	46.4703	45.67	94816	0.1165189	14.683	1609826
frame0103.ply	39.3588	46.4969	45.6528	93856	0.1158986	18.812	1604215
frame0104.ply	39.3941	46.5948	45.7161	93648	0.1150713	15.364	1617446
frame0105.ply	39.4687	46.6525	45.787	92464	0.1156246	18.815	1595940
frame0106.ply	39.458	46.6598	45.7916	92184	0.116127	18.545	1587702
frame0107.ply	39.5352	46.708	45.8193	90520	0.1154717	18.31	1568010
frame0108.ply	39.4933	46.6978	45.8371	91048	0.1156263	18.496	1574976
frame0109.ply	39.5465	46.7442	45.8685	88376	0.1139278	14.328	1550536
frame0110.ply	39.6763	46.9158	45.9754	87696	0.1105055	18.616	1583335
frame0111.ply	39.7038	46.8939	46.0515	86296	0.1098293	16.49	1564415
frame0112.ply	40.0898	47.2362	46.3187	79904	0.101933	18.107	1538344
frame0113.ply	40.2383	47.4373	46.4063	76488	0.0983778	17.913	1529956
frame0114.ply	40.2409	47.3599	46.2209	67416	0.101651	15.56	1324033
frame0115.ply	40.2499	47.1548	45.9654	78600	0.1053782	17.334	1467104
frame0116.ply	40.2991	47.0189	45.9351	82312	0.1035963	15.003	1518077
frame0117.ply	40.4223	46.9971	46.0794	76696	0.0991993	17.103	1469049
frame0118.ply	40.3376	46.9041	46.0248	76712	0.1005723	11.29	1459131
frame0119.ply	40.3701	46.9221	46.0636	77808	0.1897449	16.097	1519152
frame0120.ply	40.285	46.7322	45.9282	81096	0.2037618	17.367	1495614
frame0121.ply	40.2634	46.7683	45.9818	95456	0.2574661	22.185	1771082
frame0122.ply	40.199	46.7311	46.0516	100032	0.2611242	22.694	1815562
frame0123.ply	40.1199	46.5028	45.8031	105816	0.2586609	23.63	1866487
frame0124.ply	40.1319	46.4378	45.7908	109000	0.2593967	24.063	1889020
frame0125.ply	39.9751	46.1423	45.4789	109352	0.2697969	22.265	1773464
frame0126.ply	40.1377	46.354	45.6011	111456	0.251696	23.904	1890903
frame0127.ply	39.956	46.1037	45.3825	112408	0.2655558	23.335	1852314
frame0128.ply	40.2438	46.3441	45.5279	103272	0.2752699	21.925	1777129
frame0129.ply	40.427	46.5265	45.7146	98032	0.2576517	20.454	1828531
frame0130.ply	40.5421	46.6412	45.8077	92032	0.261415	21.3	1717077
frame0131.ply	40.6746	46.6705	45.906	96576	0.2098156	22.908	1845147
frame0132.ply	40.5035	46.6524	45.8773	100720	0.2299518	21.85	1893999
frame0133.ply	40.356	46.679	45.911	98840	0.2423803	24.345	1922320
frame0134.ply	40.2753	46.5954	45.7494	103784	0.2525362	17.022	1954548
frame0135.ply	40.3	46.6347	45.7753	97656	0.2446645	22.958	1878099
frame0136.ply	40.2315	46.5868	45.7525	104432	0.2533312	24.037	1916282
frame0137.ply	39.832	46.3263	45.4604	114536	0.2823278	22.166	1822988
frame0138.ply	40.2983	46.4885	45.7557	100520	0.2439656	20.513	1812425
frame0139.ply	40.269	46.5802	45.8394	96064	0.1999202	20.2	1723505
frame0140.ply	40.1607	46.2919	45.6441	100880	0.1969235	20.165	1734680
frame0141.ply	40.297	46.3634	45.6896	100344	0.1937924	18.848	1781164
frame0142.ply	40.2492	46.6024	45.8988	95272	0.186381	16.545	1701778
frame0143.ply	40.3317	46.7136	46.0275	98272	0.183201	19.188	1803982
frame0144.ply	40.3479	46.6199	45.9109	99616	0.2403269	20.359	1813352
frame0145.ply	40.397	46.5917	45.9224	97224	0.2416126	20.297	1791204
frame0146.ply	40.6107	46.7851	46.0472	93384	0.2363372	20.53	1791368
frame0147.ply	41.0158	46.965	46.2531	87480	0.2163176	20.822	1829439
frame0148.ply	41.0767	46.9822	46.2792	81968	0.2183933	18.292	1622114
frame0149.ply	40.9833	46.9173	46.3157	82952	0.1621779	12.388	1678661
frame0150.ply	40.5836	46.7532	46.1317	90000	0.1699642	17.687	1639835
frame0151.ply	40.1856	46.4814	45.831	94568	0.1817211	17.155	1599201
frame0152.ply	40.1826	46.4263	45.7428	97264	0.1813826	17.223	1609850
frame0153.ply	40.0471	46.2982	45.6264	101376	0.1824911	13.807	1646680
frame0154.ply	39.8854	46.2961	45.5592	99720	0.1850219	16.417	1619814
frame0155.ply	39.7122	46.0791	45.2818	104160	0.1860275	17.342	1628047
frame0156.ply	39.6458	45.8946	45.1714	103944	0.1926642	15.633	1600486
frame0157.ply	39.7182	46.0187	45.3028	100104	0.1914873	17.094	1585697
frame0158.ply	39.6165	45.9622	45.2038	103968	0.1948659	17.253	1603298
frame0159.ply	39.6145	45.9097	45.1469	104816	0.1959574	17.065	1582233
frame0160.ply	39.6201	45.9491	45.2402	103552	0.1982258	16.875	1578493
frame0161.ply	39.5585	45.7967	45.1135	105552	0.2003599	17.036	1575106
frame0162.ply	39.5428	45.9355	45.1245	104576	0.1986945	14.81	1568870
frame0163.ply	39.5863	45.8877	45.1329	104536	0.2005538	16.794	1564761
frame0164.ply	39.6484	45.9144	45.1489	103240	0.2009965	16.774	1568449
frame0165.ply	39.8209	46.2135	45.4527	95944	0.18939	16.528	1548509
frame0166.ply	39.7876	46.2106	45.4332	95816	0.1916203	16.541	1529274
frame0167.ply	39.7695	46.2333	45.3684	94600	0.1930335	9.404	1505385
frame0168.ply	39.8264	46.259	45.4609	94440	0.1927314	16.263	1518619
frame0169.ply	39.7952	46.0262	45.3459	98056	0.2586292	17.089	1506076
frame0170.ply	39.9523	46.3218	45.5316	93024	0.2443749	17.332	1515259
frame0171.ply	39.7949	46.345	45.5063	97696	0.2541929	17.785	1523747
frame0172.ply	39.9054	46.3661	45.5777	98088	0.2471755	18.633	1602088
frame0173.ply	39.7861	46.2128	45.2512	106264	0.2649529	18.661	1599728
frame0174.ply	39.7888	46.1904	45.3345	108576	6.6156537	19.536	1662524
frame0175.ply	39.8409	46.2418	45.3268	109528	0.2656602	19.473	1659483
frame0176.ply	40.1239	46.4806	45.6215	97896	0.2176256	17.412	1655922
frame0177.ply	40.16	46.6619	45.7559	93528	0.2426495	18.662	1585538
frame0178.ply	40.0294	46.5186	45.608	97344	0.2076792	19.021	1616878
frame0179.ply	40.0155	46.2358	45.307	104128	0.2013884	19.263	1648878
frame0180.ply	39.8593	46.06	45.0871	113128	0.1985899	17.493	1713016
frame0181.ply	39.7992	45.9673	44.9249	122024	0.2073476	13.669	1758141
frame0182.ply	39.7451	45.8876	44.7825	127328	0.2789197	16.941	1793961
frame0183.ply	39.5943	45.7202	44.7688	134312	0.3085688	22.395	1804630
frame0184.ply	39.7005	45.9462	45.0781	134216	0.3072855	22.909	1856690
frame0185.ply	40.0246	46.4218	45.542	114824	0.2753062	22.665	1832835
frame0186.ply	40.0797	46.3253	45.3345	125544	0.2730698	23.685	1908676
frame0187.ply	40.0784	46.3744	45.3643	116552	0.2644447	19.202	1841510
frame0188.ply	39.9752	46.3252	45.3578	121272	0.2618462	23.487	1909681
frame0189.ply	40.1069	46.5526	45.6859	114272	0.1839311	23.988	1928745
frame0190.ply	40.1763	46.6958	45.8869	108304	0.1779055	21.86	1932535
frame0191.ply	39.9075	46.4958	45.6373	112264	0.1986439	24.009	1902914
frame0192.ply	39.9295	46.5337	45.6908	112512	0.2037827	13.592	1923681
frame0193.ply	40.0271	46.4469	45.6924	109680	0.199116	23.58	1854191
frame0194.ply	40.0447	46.4878	45.721	106464	0.1844584	22.836	1821968
frame0195.ply	40.1165	46.564	45.8341	104896	0.1753266	23.61	1878150
frame0196.ply	40.1998	46.6334	45.8076	104216	0.1743726	23.844	1892202
frame0197.ply	40.4997	46.9088	46.048	95792	0.2286808	21.511	1828279
frame0198.ply	40.3834	46.7239	45.7927	90584	0.2358642	19.655	1720276
frame0199.ply	40.3673	46.5605	45.8005	87328	0.1721327	20.015	1646182
frame0200.ply	40.6446	46.8567	46.029	85888	0.1556996	20.855	1737470
frame0201.ply	40.3679	46.5579	45.6599	83112	0.1649412	17.969	1572065
frame0202.ply	40.3097	46.4725	45.6107	80440	0.1781777	11.793	1455945
frame0203.ply	40.5384	46.6889	45.8174	79168	0.1620073	18.845	1516754
frame0204.ply	40.403	46.5867	45.6855	79872	0.1745429	17.995	1452889
frame0205.ply	40.5831	46.7247	45.8826	67168	0.130578	15.905	1357045
frame0206.ply	40.4779	46.7105	45.9135	67944	0.126644	15.627	1351352
frame0207.ply	40.5032	46.7365	46.013	63904	0.0980018	14.825	1252768
frame0208.ply	40.6269	46.9386	46.1632	61824	0.0941873	14.453	1257205
frame0209.ply	40.5848	46.7166	45.9563	60344	0.1084313	14.202	1255589
frame0210.ply	40.6332	46.8337	46.0473	59464	0.0914663	13.954	1241275
frame0211.ply	40.7397	46.8745	46.0496	59488	0.1017568	7.608	1290462
frame0212.ply	40.6281	46.7906	46.0576	61472	0.0925476	7.465	1263069
frame0213.ply	40.6572	46.818	46.0931	59936	0.1014381	7.638	1292642
frame0214.ply	40.6963	46.8757	46.1987	60984	0.1040241	7.616	1287902
frame0215.ply	40.808	47.0076	46.2707	60096	0.0883557	7.724	1309332
frame0000.ply	42.2174	47.1042	46.3404	255096	0.6224065	9.598	1492780
frame0001.ply	42.2312	47.0665	46.3189	260840	0.5839004	18.913	1494261
frame0002.ply	42.2427	47.08	46.3576	253976	0.6362859	15.528	1498733
frame0003.ply	42.2623	47.1132	46.363	251488	0.5583285	18.789	1495415
frame0004.ply	42.2392	47.0429	46.3407	253456	0.6013917	18.742	1487127
frame0005.ply	42.2782	47.2169	46.4646	247720	0.5599569	11.714	1482317
frame0006.ply	42.2829	47.1992	46.485	243520	0.5713095	18.893	1491283
frame0007.ply	42.2482	47.1081	46.3821	250536	0.6069266	18.651	1482045
frame0008.ply	42.335	47.2024	46.4495	252528	0.6816835	18.738	1481350
frame0009.ply	42.3773	47.2959	46.5406	237176	0.8255491	18.277	1447024
frame0010.ply	42.3777	47.2646	46.4313	240504	0.7128346	18.459	1459475
frame0011.ply	42.3537	47.275	46.5135	233824	1.7676556	17.68	1393968
frame0012.ply	42.4175	47.3852	46.5849	224848	1.0267499	16.306	1402053
frame0013.ply	42.3921	47.2988	46.5474	231168	0.952213	17.088	1401687
frame0014.ply	42.371	47.3026	46.512	229616	2.7373827	17.778	1397366
frame0015.ply	42.4636	47.4663	46.6726	228280	1.1129222	17.969	1421912
frame0016.ply	42.474	47.4533	46.6521	225696	0.5087741	18.327	1428899
frame0017.ply	42.4886	47.4619	46.7298	217672	0.4292066	16.034	1419363
frame0018.ply	42.4435	47.466	46.6852	230520	0.465711	12.261	1468863
frame0019.ply	42.4966	47.5508	46.801	225232	0.4437759	18.743	1471941
frame0020.ply	42.4278	47.3605	46.63	235992	0.4734826	18.669	1472822
frame0021.ply	42.4335	47.4136	46.5988	235024	0.4807221	18.576	1473012
frame0022.ply	42.4342	47.3667	46.6401	236056	0.4768015	18.775	1492233
frame0023.ply	42.463	47.404	46.6691	234976	0.4655395	16.045	1511010
frame0024.ply	42.3717	47.2328	46.4592	240216	0.4681097	19.157	1502302
frame0025.ply	42.4395	47.3858	46.5278	234784	0.4471283	18.628	1509524
frame0026.ply	42.5024	47.5082	46.6745	224632	0.4600038	18.589	1461249
frame0027.ply	42.4927	47.4778	46.6522	227000	0.4605846	18.466	1455989
frame0028.ply	42.4466	47.469	46.5831	218736	0.4839856	15.886	1389775
frame0029.ply	42.488	47.4998	46.7084	213864	0.4621788	17.058	1401861
frame0030.ply	42.4498	47.4487	46.5903	211296	0.4549389	17.566	1380995
frame0031.ply	42.5021	47.5547	46.6955	216384	2.5656447	16.234	1399271
frame0032.ply	42.484	47.624	46.6344	212112	3.0551878	14.515	1373426
frame0033.ply	42.6204	47.8661	46.8323	192000	0.5963474	16.855	1319156
frame0034.ply	42.7814	48.0039	47.0917	183632	0.5581968	17.026	1341273
frame0035.ply	42.8422	48.0961	47.1901	181560	0.5384117	16.236	1320260
frame0036.ply	42.8573	48.1153	47.2632	173920	0.5589009	16.679	1310366
frame0037.ply	42.9248	48.1398	47.2863	170456	0.5240584	16.836	1314192
frame0038.ply	42.9669	48.1587	47.315	176248	0.5211974	17.298	1364385
frame0039.ply	42.9947	48.1624	47.2816	166200	0.5335947	13.277	1318472
frame0040.ply	43.094	48.2201	47.3662	169648	0.4877378	17.424	1375440
frame0041.ply	43.059	48.1943	47.3339	163368	0.4986618	16.998	1342486
frame0042.ply	42.9782	48.18	47.2558	172000	0.5273799	13.283	1355565
frame0043.ply	43.0548	48.1265	47.2835	165832	0.49753	16.891	1343776
frame0044.ply	43.0116	48.105	47.2335	169632	0.4902199	17.426	1375442
frame0045.ply	42.9906	48.0975	47.2493	165464	0.490886	16.34	1317140
frame0046.ply	43.014	48.1893	47.3269	167472	0.4853057	16.834	1343123
frame0047.ply	43.0186	48.1838	47.3215	160528	0.4951125	16.576	1310855
frame0048.ply	43.0541	48.2071	47.4136	171240	0.446618	17.379	1376647
frame0049.ply	43.0039	48.1395	47.342	162640	1.091292	16.343	1309336
frame0050.ply	43.0022	48.0978	47.3574	169136	0.547912	11.273	1362628
frame0051.ply	42.9386	48.0895	47.2901	164064	0.235643	13.93	1321796
frame0052.ply	42.8736	48.0075	47.2226	166560	0.232426	15.998	1358358
frame0053.ply	42.9602	48.0358	47.2868	169376	0.238649	15.61	1353252
frame0054.ply	42.9828	48.0893	47.2843	171440	0.236633	15.87	1382913
frame0055.ply	42.9736	48.0674	47.2758	165248	0.234984	15.882	1346917
frame0056.ply	43.0765	48.1387	47.3632	168416	0.227428	12.959	1423531
frame0057.ply	43.0786	48.1708	47.388	169712	0.233006	15.491	1411126
frame0058.ply	43.071	48.1342	47.3916	180176	0.235095	17.092	1473139
frame0059.ply	43.0327	48.1036	47.273	175376	0.257356	16.909	1450193
frame0060.ply	43.0732	48.1384	47.3548	176560	0.231958	16.992	1462020
frame0061.ply	42.9582	48.0068	47.2464	176960	0.2412	16.446	1411690
frame0062.ply	42.9571	47.9664	47.1891	182632	0.243345	15.257	1456488
frame0063.ply	43.042	48	47.2558	178800	0.239264	16.845	1450409
frame0064.ply	43.001	47.9995	47.2414	188856	0.241137	17.615	1515264
frame0065.ply	42.9998	47.9672	47.2145	189448	0.242887	17.708	1511995
frame0066.ply	42.9842	47.9691	47.2364	188912	0.239927	17.906	1527753
frame0067.ply	43.0088	48.0337	47.276	190528	0.23833	17.941	1545510
frame0068.ply	42.9763	47.9733	47.2622	194712	0.237517	18.753	1588690
frame0069.ply	42.9832	47.952	47.1962	199808	0.240203	10.714	1599261
frame0070.ply	42.9771	47.9817	47.2053	198344	0.236816	18.93	1618029
frame0071.ply	42.956	47.9304	47.1855	198256	0.235853	15.413	1629895
frame0072.ply	42.9101	47.8831	47.1664	206496	0.243405	18.807	1652474
frame0073.ply	42.7892	47.738	47.0111	204824	0.421361	17.876	1626242
frame0074.ply	42.8158	47.7776	47.057	210928	0.406124	14.203	1696024
frame0075.ply	42.7681	47.706	47.036	211896	0.414747	19.691	1687347
frame0076.ply	42.6298	47.6048	46.926	212560	0.416717	19.271	1664665
frame0077.ply	42.6895	47.6881	47.041	213896	0.405169	19.753	1702612
frame0078.ply	42.5891	47.5987	46.8949	220288	0.426428	17.586	1674631
frame0079.ply	42.6952	47.7066	46.99	220008	0.25782	19.967	1716856
frame0080.ply	42.5378	47.6256	46.9018	227736	0.270675	19.904	1692861
frame0081.ply	42.5671	47.6127	46.9055	223488	0.27026	19.611	1662403
frame0082.ply	42.5811	47.615	46.8299	223152	0.267444	18.91	1680106
frame0083.ply	42.5989	47.611	46.8634	225104	0.266508	17.544	1701425
frame0084.ply	42.6133	47.594	46.8695	228248	0.267354	19.937	1714736
frame0085.ply	42.6357	47.6115	46.922	237280	0.279036	18.084	1707963
frame0086.ply	42.7645	47.6259	46.9074	232720	0.455282	20.124	1720086
frame0087.ply	42.9158	47.7764	46.9519	216664	0.469387	15.518	1582349
frame0088.ply	43.1581	47.9033	47.1128	195416	0.445087	17.746	1534527
frame0089.ply	43.0432	48.0596	47.3013	172552	0.264059	15.076	1320930
frame0090.ply	42.9656	48.1165	47.3138	170528	0.24081	11.191	1339419
frame0091.ply	43.0624	48.1374	47.0816	191336	0.2447558	16.181	1419102
frame0092.ply	43.151	48.4302	47.3906	181584	0.2356021	17.37	1479572
frame0093.ply	43.1779	48.5679	47.4737	187648	0.2379284	13.804	1529661
frame0094.ply	43.0675	48.5747	47.485	188968	0.246006	17.89	1525347
frame0095.ply	42.711	48.2645	47.2537	197360	0.262789	17.36	1469737
frame0096.ply	42.7172	48.3429	47.3024	200920	0.259753	18.099	1546806
frame0097.ply	42.6907	48.3719	47.2718	210720	0.266263	18.55	1582600
frame0098.ply	42.4066	48.0882	47.0858	213344	0.275353	18.092	1547688
frame0099.ply	42.4027	48.0882	47.0876	215496	0.27328	12.17	1571690
frame0100.ply	42.1977	47.8123	46.8685	222624	0.280077	18.623	1577244
frame0101.ply	42.1393	47.6555	46.7696	231240	0.288073	18.805	1591005
frame0102.ply	42.1171	47.6078	46.7869	235408	0.289697	16.992	1609826
frame0103.ply	42.128	47.6623	46.7827	234672	0.290206	18.67	1604215
frame0104.ply	42.1432	47.6887	46.8384	232056	0.28527	18.933	1617446
frame0105.ply	42.2303	47.7592	46.8783	225624	0.282337	14.446	1595940
frame0106.ply	42.2399	47.7843	46.9232	225128	0.283599	18.733	1587702
frame0107.ply	42.2861	47.805	46.9431	219416	0.279897	18.363	1568010
frame0108.ply	42.2523	47.8226	46.9439	220288	0.279652	18.473	1574976
frame0109.ply	42.298	47.948	47.0272	214952	0.277161	18.367	1550536
frame0110.ply	42.4117	48.0324	47.1305	212392	0.267826	18.554	1583335
frame0111.ply	42.4816	48.0614	47.143	207336	0.26389	18.423	1564415
frame0112.ply	42.8535	48.4245	47.4628	191152	0.244485	17.574	1538344
frame0113.ply	43.0009	48.5497	47.5093	180224	0.232575	14.195	1529956
frame0114.ply	42.9959	48.5288	47.3876	160024	0.241365	14.952	1324033
frame0115.ply	43.0895	48.3555	47.1803	183480	0.246581	17.29	1467104
frame0116.ply	43.1467	48.3003	47.2066	192688	0.245083	17.853	1518077
frame0117.ply	43.2225	48.2471	47.3228	178464	0.233266	17.175	1469049
frame0118.ply	43.1494	48.1532	47.2447	181424	0.242231	16.126	1459131
frame0119.ply	43.1876	48.1775	47.2857	184896	0.430076	17.683	1519152
frame0120.ply	43.0759	47.9894	47.1735	189432	0.45009	10.817	1495614
frame0121.ply	43.1089	48.0296	47.2652	222360	0.580139	21.994	1771082
frame0122.ply	43.0155	48.0273	47.2923	233320	0.59283	22.781	1815562
frame0123.ply	42.9312	47.8498	47.0998	247896	0.582932	23.383	1866487
frame0124.ply	42.9785	47.781	47.0698	252176	0.569988	23.287	1889020
frame0125.ply	42.8746	47.571	46.8919	255024	0.611966	22.302	1773464
frame0126.ply	42.9695	47.7192	46.9658	259656	0.5611659	23.796	1890903
frame0127.ply	42.8228	47.5006	46.7513	264656	0.6087601	23.183	1852314
frame0128.ply	43.1022	47.7568	46.9154	241248	0.621137	22.543	1777129
frame0129.ply	43.2092	47.8632	47.0324	230552	0.5569852	18.667	1828531
frame0130.ply	43.3372	47.9691	47.0765	213712	0.5737479	21.795	1717077
frame0131.ply	43.4438	47.9775	47.162	220984	0.4827221	21.152	1845147
frame0132.ply	43.3194	47.9718	47.1172	234024	0.519878	23.97	1893999
frame0133.ply	43.0719	47.882	47.054	235216	0.549266	24.288	1922320
frame0134.ply	42.9916	47.8255	46.9943	249280	0.576714	20.734	1954548
frame0135.ply	43.0401	47.8693	47.0074	237336	0.56072	23.669	1878099
frame0136.ply	43.0024	47.8563	46.9637	247944	0.568401	23.987	1916282
frame0137.ply	42.7236	47.6164	46.7374	270528	0.642911	22.595	1822988
frame0138.ply	43.0993	47.7717	47.0902	234896	0.54827	21.748	1812425
frame0139.ply	43.0952	47.8753	47.1338	226224	0.444754	19.923	1723505
frame0140.ply	43.0134	47.6604	46.9933	234832	0.44178	15.733	1734680
frame0141.ply	43.1239	47.7661	47.09	233608	0.432705	20.756	1781164
frame0142.ply	43.0646	47.9107	47.2196	223032	0.41885	19.95	1701778
frame0143.ply	43.1651	48.0174	47.2742	228040	0.4083431	21.112	1803982
frame0144.ply	43.1609	47.9208	47.2021	230504	0.5405688	19.44	1813352
frame0145.ply	43.2062	47.9464	47.2085	225344	0.5437624	22.058	1791204
frame0146.ply	43.4124	48.0991	47.3275	217952	0.5355508	22.04	1791368
frame0147.ply	43.7385	48.2928	47.5173	200784	0.4829901	22.033	1829439
frame0148.ply	43.862	48.3464	47.5608	181368	0.4773031	19.913	1622114
frame0149.ply	43.771	48.3057	47.6261	188896	0.3600532	19.455	1678661
frame0150.ply	43.4269	48.0882	47.4145	201648	0.3723671	19.16	1639835
frame0151.ply	43.0445	47.8561	47.1596	212872	0.4013278	16.977	1599201
frame0152.ply	43.0671	47.8459	47.1272	219376	0.4018903	18.784	1609850
frame0153.ply	42.9188	47.7636	47.0094	230664	0.4064804	14.675	1646680
frame0154.ply	42.7318	47.6564	46.8623	231008	0.4167643	14.457	1619814
frame0155.ply	42.5741	47.4654	46.6786	243640	0.4244518	18.856	1628047
frame0156.ply	42.5313	47.3474	46.5771	244040	0.4418925	18.462	1600486
frame0157.ply	42.5597	47.3806	46.6618	235592	0.4386871	13.951	1585697
frame0158.ply	42.4948	47.3537	46.6077	246656	0.4482893	18.576	1603298
frame0159.ply	42.5066	47.3013	46.5273	245904	0.4476162	16.658	1582233
frame0160.ply	42.5082	47.305	46.5781	244160	0.4526685	13.193	1578493
frame0161.ply	42.432	47.201	46.4427	247760	0.4568808	18.369	1575106
frame0162.ply	42.4297	47.2621	46.4971	246384	0.455632	18.17	1568870
frame0163.ply	42.4907	47.2676	46.5236	246136	0.4590554	18.265	1564761
frame0164.ply	42.5145	47.3488	46.529	242320	0.4555209	18.196	1568449
frame0165.ply	42.658	47.5839	46.7658	225384	0.4334819	18.13	1548509
frame0166.ply	42.6462	47.4622	46.7021	221592	0.4340863	17.732	1529274
frame0167.ply	42.6377	47.5044	46.7116	220920	0.4363558	17.368	1505385
frame0168.ply	42.6925	47.5932	46.7843	218920	0.4319604	16.784	1518619
frame0169.ply	42.6747	47.487	46.7436	227376	0.5916917	18.556	1506076
frame0170.ply	42.8233	47.7398	46.9325	217136	0.5577388	18.405	1515259
frame0171.ply	42.7224	47.7285	46.895	226264	0.577589	18.919	1523747
frame0172.ply	42.7835	47.7954	46.9504	229496	0.5683439	20.091	1602088
frame0173.ply	42.7244	47.6591	46.7122	244104	0.590955	18.327	1599728
frame0174.ply	42.7001	47.6582	46.7397	250992	7.68567	17.17	1662524
frame0175.ply	42.7462	47.6608	46.7569	248776	0.5495179	21.097	1659483
frame0176.ply	42.9436	47.8481	46.9624	225808	0.4796234	16.84	1655922
frame0177.ply	42.9827	47.9221	47.0238	211096	0.5124467	20.047	1585538
frame0178.ply	42.894	47.7675	46.9233	222976	0.455308	16.417	1616878
frame0179.ply	42.8841	47.6505	46.7433	241152	0.449171	20.928	1648878
frame0180.ply	42.7722	47.4407	46.5202	257976	0.443771	21.375	1713016
frame0181.ply	42.7323	47.386	46.4434	275968	0.459022	21.962	1758141
frame0182.ply	42.6896	47.3387	46.3263	287888	0.6151405	21.63	1793961
frame0183.ply	42.5703	47.2385	46.3346	301152	0.673427	22.239	1804630
frame0184.ply	42.6803	47.3879	46.5454	300688	0.6691725	21.464	1856690
frame0185.ply	42.9409	47.7883	46.9534	262152	0.6118817	22.375	1832835
frame0186.ply	42.9784	47.7375	46.7337	281072	0.6044367	20.719	1908676
frame0187.ply	42.972	47.7608	46.7769	263696	0.5889278	22.828	1841510
frame0188.ply	42.8309	47.6566	46.7415	275504	0.5813333	23.85	1909681
frame0189.ply	42.9349	47.9039	47.027	263200	0.417172	22.605	1928745
frame0190.ply	42.9587	47.9755	47.1296	251720	0.406582	19.573	1932535
frame0191.ply	42.7012	47.7997	46.9465	263896	0.453801	23.391	1902914
frame0192.ply	42.7246	47.7682	46.9507	265024	0.466168	24.143	1923681
frame0193.ply	42.8129	47.7483	46.9812	252592	0.4430672	23.364	1854191
frame0194.ply	42.8023	47.7794	46.9536	247144	0.417533	19.817	1821968
frame0195.ply	42.8643	47.8323	47.0798	247064	0.404354	23.386	1878150
frame0196.ply	42.922	47.8466	47.0306	241680	0.395998	23.375	1892202
frame0197.ply	43.2578	48.1292	47.2634	220960	0.5106511	21.878	1828279
frame0198.ply	43.1747	47.8856	47.0151	211416	0.5332003	20.582	1720276
frame0199.ply	43.1312	47.7955	47.0073	204800	0.395754	19.828	1646182
frame0200.ply	43.3807	48.0401	47.2021	201448	0.358952	20.69	1737470
frame0201.ply	43.1531	47.7866	46.872	195984	0.383613	12.019	1572065
frame0202.ply	43.1405	47.7306	46.8781	188520	0.411209	17.449	1455945
frame0203.ply	43.2976	47.9158	47.0225	181360	0.365722	16.308	1516754
frame0204.ply	43.2291	47.784	46.9503	185504	0.397491	17.513	1452889
frame0205.ply	43.3726	47.9507	47.1433	159928	0.290953	15.446	1357045
frame0206.ply	43.3009	47.9609	47.1331	161424	0.282803	14.094	1351352
frame0207.ply	43.3268	47.9296	47.1187	148224	0.230574	14.465	1252768
frame0208.ply	43.4147	48.091	47.3037	143872	0.222187	13.342	1257205
frame0209.ply	43.3336	47.9165	47.1415	142024	0.2470217	13.892	1255589
frame0210.ply	43.39	48.0347	47.2059	142120	0.223346	14.139	1241275
frame0211.ply	43.5104	48.0528	47.2465	141880	0.2343091	6.969	1290462
frame0212.ply	43.3709	48.0095	47.195	144080	0.221992	6.814	1263069
frame0213.ply	43.3937	48.0109	47.2336	142440	0.2330403	6.998	1292642
frame0214.ply	43.4485	48.0912	47.2908	142560	0.2343589	6.972	1287902
frame0215.ply	43.548	48.1143	47.3509	141176	0.212599	7.085	1309332
frame0000.ply	44.9698	48.534	47.7993	581192	1.40187	8.828	1492780
frame0001.ply	44.9731	48.5498	47.8409	593960	1.318065	15.59	1494261
frame0002.ply	45.0026	48.5297	47.8357	585936	1.385203	17.306	1498733
frame0003.ply	44.999	48.5281	47.8194	575264	1.25111	17.175	1495415
frame0004.ply	44.9718	48.4733	47.7961	571768	1.316407	17.37	1487127
frame0005.ply	45.0287	48.6615	47.9417	570696	1.277329	14.29	1482317
frame0006.ply	45.0014	48.5773	47.8661	553024	1.283261	17.345	1491283
frame0007.ply	45.0002	48.5089	47.8292	566680	1.37136	17.269	1482045
frame0008.ply	45.0611	48.6622	47.952	566416	1.429857	15.793	1481350
frame0009.ply	45.1084	48.6846	47.9573	537072	1.574499	16.043	1447024
frame0010.ply	45.115	48.6874	47.9298	550688	1.40134	17.043	1459475
frame0011.ply	45.1012	48.7321	47.9944	531808	2.725461	16.092	1393968
frame0012.ply	45.1416	48.773	47.9885	511824	1.834677	13.107	1402053
frame0013.ply	45.126	48.6704	47.9331	519520	1.831609	16.217	1401687
frame0014.ply	45.1174	48.6345	47.8865	512064	4.398063	12.327	1397366
frame0015.ply	45.1773	48.8316	48.0759	515456	1.812037	15.159	1421912
frame0016.ply	45.1978	48.7784	48.0368	511832	1.150183	9.601	1428899
frame0017.ply	45.1974	48.8036	48.0499	496600	1.020434	16.64	1419363
frame0018.ply	45.1697	48.8172	48.0429	525288	1.090461	15.383	1468863
frame0019.ply	45.1968	48.8805	48.1386	513072	1.041065	17.236	1471941
frame0020.ply	45.1804	48.7336	48.0141	535536	1.115096	17.086	1472822
frame0021.ply	45.1656	48.7908	48.0282	536824	1.130739	17.222	1473012
frame0022.ply	45.1682	48.7523	48.0266	534656	1.104109	17.315	1492233
frame0023.ply	45.1873	48.7603	48.0673	543400	1.101051	17.633	1511010
frame0024.ply	45.0927	48.551	47.8147	541280	1.090885	17.584	1502302
frame0025.ply	45.1514	48.7149	47.9161	534768	1.069623	17.503	1509524
frame0026.ply	45.1962	48.8274	48.0639	515328	1.087433	17.034	1461249
frame0027.ply	45.2044	48.8494	48.0468	522664	1.08982	17.032	1455989
frame0028.ply	45.1321	48.7954	47.983	504240	1.13468	15.63	1389775
frame0029.ply	45.1702	48.8431	48.0726	493256	1.097042	17.703	1401861
frame0030.ply	45.1345	48.7094	47.9649	488632	1.083491	10.876	1380995
frame0031.ply	45.212	48.9178	48.1014	498464	3.310742	17.684	1399271
frame0032.ply	45.1853	48.9036	48.0179	486336	4.136279	17.203	1373426
frame0033.ply	45.2913	49.0839	48.1714	445272	1.299515	16.759	1319156
frame0034.ply	45.4524	49.238	48.3811	431832	1.2502	16.972	1341273
frame0035.ply	45.5097	49.333	48.4722	422016	1.222327	16.81	1320260
frame0036.ply	45.5211	49.3527	48.5491	410832	1.259343	15.909	1310366
frame0037.ply	45.5352	49.2924	48.4565	394280	1.192726	16.708	1314192
frame0038.ply	45.5783	49.3224	48.5141	405096	1.162336	15.588	1364385
frame0039.ply	45.5919	49.3618	48.4961	390144	1.192711	16.514	1318472
frame0040.ply	45.6473	49.3633	48.5721	394344	1.099589	13.882	1375440
frame0041.ply	45.5976	49.385	48.5184	383560	1.134735	16.986	1342486
frame0042.ply	45.5706	49.3743	48.533	409376	1.189643	17.134	1355565
frame0043.ply	45.6234	49.2912	48.49	391136	1.124889	10.789	1343776
frame0044.ply	45.5903	49.2397	48.4339	394656	1.099345	17.413	1375442
frame0045.ply	45.5856	49.2568	48.4246	385736	1.1028062	15.008	1317140
frame0046.ply	45.5924	49.3451	48.5118	389416	1.0935067	16.756	1343123
frame0047.ply	45.5873	49.2747	48.5089	372744	1.103349	15.056	1310855
frame0048.ply	45.6392	49.3583	48.5717	397568	0.9790566	17.256	1376647
frame0049.ply	45.5981	49.2595	48.4657	375096	1.679336	16.14	1309336
frame0050.ply	45.591	49.2411	48.5081	399056	1.216414	15.687	1362628
frame0051.ply	45.5532	49.2583	48.4993	394432	0.569802	15.378	1321796
frame0052.ply	45.4852	49.1219	48.3499	393544	0.55666	15.458	1358358
frame0053.ply	45.5587	49.1814	48.4674	400632	0.568914	15.624	1353252
frame0054.ply	45.5904	49.2323	48.449	403544	0.561237	14.631	1382913
frame0055.ply	45.5614	49.2215	48.4686	390200	0.559186	15.534	1346917
frame0056.ply	45.6533	49.2384	48.5037	392984	0.534479	16.519	1423531
frame0057.ply	45.6649	49.3432	48.5753	407400	0.560816	16.074	1411126
frame0058.ply	45.6767	49.3659	48.6358	432048	0.566061	16.621	1473139
frame0059.ply	45.6434	49.2045	48.3803	408120	0.589171	16.861	1450193
frame0060.ply	45.6828	49.2704	48.5606	416080	0.5525	16.944	1462020
frame0061.ply	45.5876	49.1826	48.4397	415600	0.568081	16.622	1411690
frame0062.ply	45.5765	49.1418	48.3811	428512	0.576302	16.905	1456488
frame0063.ply	45.6299	49.1611	48.4055	413856	0.557787	16.956	1450409
frame0064.ply	45.6328	49.203	48.4501	443616	0.569712	17.628	1515264
frame0065.ply	45.621	49.1996	48.4404	446488	0.575487	17.348	1511995
frame0066.ply	45.5812	49.1417	48.3969	444904	0.569055	9.809	1527753
frame0067.ply	45.6246	49.2652	48.5083	459112	0.576632	18.103	1545510
frame0068.ply	45.6071	49.1552	48.4229	460224	0.563006	16.787	1588690
frame0069.ply	45.5944	49.1892	48.4482	477896	0.574892	18.315	1599261
frame0070.ply	45.5779	49.2068	48.4681	480592	0.574611	15.838	1618029
frame0071.ply	45.5687	49.1274	48.4174	476768	0.568355	18.966	1629895
frame0072.ply	45.5185	49.1397	48.3921	499336	0.592537	19.319	1652474
frame0073.ply	45.3969	48.9275	48.2162	488952	0.98905	19.17	1626242
frame0074.ply	45.4255	48.9863	48.2872	509768	0.954879	16.095	1696024
frame0075.ply	45.3817	48.8531	48.1948	503464	0.959721	17.814	1687347
frame0076.ply	45.2619	48.8114	48.1352	521816	0.998203	18.967	1664665
frame0077.ply	45.3301	48.9157	48.2421	519080	0.965969	19.983	1702612
frame0078.ply	45.2388	48.8705	48.1897	544744	1.028495	19.514	1674631
frame0079.ply	45.3223	48.911	48.2144	533624	0.624763	13.151	1716856
frame0080.ply	45.2144	48.8295	48.1443	549632	0.652227	19.976	1692861
frame0081.ply	45.2308	48.8853	48.1961	552656	0.667486	19.87	1662403
frame0082.ply	45.1926	48.8094	48.0844	540368	0.646615	20.004	1680106
frame0083.ply	45.2228	48.8452	48.1438	548376	0.647185	19.797	1701425
frame0084.ply	45.2747	48.8345	48.1727	550080	0.643826	20.08	1714736
frame0085.ply	45.3065	48.9532	48.2677	575088	0.675527	21.021	1707963
frame0086.ply	45.4143	48.9115	48.2167	551032	1.055827	20.284	1720086
frame0087.ply	45.5643	49.1099	48.312	512512	1.079846	16.816	1582349
frame0088.ply	45.7495	49.1967	48.4117	460888	1.016249	16.931	1534527
frame0089.ply	45.682	49.3133	48.5441	407112	0.62343	15.807	1320930
frame0090.ply	45.6062	49.2786	48.4788	403256	0.576748	15.998	1339419
frame0091.ply	45.7131	49.3232	48.3332	434448	0.567026	16.807	1419102
frame0092.ply	45.7574	49.5756	48.5709	430088	0.560901	17.658	1479572
frame0093.ply	45.7622	49.6768	48.6177	431536	0.550809	16.779	1529661
frame0094.ply	45.6849	49.6971	48.6522	438624	0.572093	17.763	1525347
frame0095.ply	45.3976	49.4659	48.4618	465512	0.62079	17.532	1469737
frame0096.ply	45.3753	49.4842	48.4905	475928	0.615257	18.49	1546806
frame0097.ply	45.3699	49.5451	48.5012	499232	0.630877	18.464	1582600
frame0098.ply	45.1227	49.2815	48.3037	510936	0.659577	18.625	1547688
frame0099.ply	45.1218	49.25	48.2636	509016	0.645845	18.919	1571690
frame0100.ply	44.8726	48.9632	48.076	534056	0.672185	19.118	1577244
frame0101.ply	44.8579	48.8868	48.032	563584	0.70259	19.18	1591005
frame0102.ply	44.8308	48.9182	48.1122	582840	0.718774	16.716	1609826
frame0103.ply	44.8487	48.9667	48.1199	578064	0.716034	19.294	1604215
frame0104.ply	44.8551	48.945	48.1256	566448	0.696865	19.355	1617446
frame0105.ply	44.9086	48.9896	48.1413	551656	0.690848	19.004	1595940
frame0106.ply	44.9521	48.9991	48.1322	541808	0.682526	19.072	1587702
frame0107.ply	44.9727	48.9764	48.0972	519224	0.66235	18.654	1568010
frame0108.ply	44.948	49.0198	48.1424	528712	0.671141	19.087	1574976
frame0109.ply	44.9865	49.0633	48.1743	506672	0.653421	17.709	1550536
frame0110.ply	45.0888	49.2004	48.2916	507096	0.640218	19.047	1583335
frame0111.ply	45.1425	49.2042	48.3112	492312	0.627031	18.965	1564415
frame0112.ply	45.5064	49.6064	48.6504	458376	0.587039	18.403	1538344
frame0113.ply	45.5873	49.6492	48.606	429904	0.556668	18.373	1529956
frame0114.ply	45.6209	49.6054	48.4837	378216	0.570423	16.047	1324033
frame0115.ply	45.6941	49.5129	48.393	428480	0.575872	17.469	1467104
frame0116.ply	45.7741	49.5128	48.4479	448288	0.573635	17.943	1518077
frame0117.ply	45.7941	49.4147	48.4828	416680	0.544415	17.702	1469049
frame0118.ply	45.746	49.4071	48.4829	428176	0.575512	17.608	1459131
frame0119.ply	45.7473	49.3872	48.5118	437752	0.975004	18.184	1519152
frame0120.ply	45.6792	49.1875	48.3931	442952	1.006442	16.473	1495614
frame0121.ply	45.6655	49.233	48.4323	513392	1.309783	23.544	1771082
frame0122.ply	45.6119	49.225	48.4766	538736	1.344657	23.137	1815562
frame0123.ply	45.5597	49.0767	48.3068	565320	1.311474	24.022	1866487
frame0124.ply	45.6098	49.0547	48.3288	576304	1.28772	19.75	1889020
frame0125.ply	45.5432	48.9571	48.2291	585752	1.373172	21.622	1773464
frame0126.ply	45.6084	49.0674	48.3045	599664	1.272123	24.171	1890903
frame0127.ply	45.5169	48.8504	48.0617	598336	1.36222	23.8	1852314
frame0128.ply	45.7469	49.112	48.2729	556584	1.393123	23.091	1777129
frame0129.ply	45.8345	49.1699	48.3079	534536	1.261604	24.231	1828531
frame0130.ply	45.9346	49.2973	48.4055	499832	1.296427	20.191	1717077
frame0131.ply	45.9847	49.2594	48.4113	514184	1.108639	24.015	1845147
frame0132.ply	45.9139	49.2938	48.392	545192	1.179218	24.137	1893999
frame0133.ply	45.6522	49.1456	48.3101	562448	1.263006	24.676	1922320
frame0134.ply	45.5982	49.0995	48.2671	592848	1.33246	25.067	1954548
frame0135.ply	45.6586	49.1601	48.3129	571384	1.320939	23.967	1878099
frame0136.ply	45.6322	49.093	48.2465	584784	1.29609	24.433	1916282
frame0137.ply	45.4504	48.9051	48.0287	617432	1.439804	23.288	1822988
frame0138.ply	45.7081	49.0132	48.316	544800	1.241835	17.842	1812425
frame0139.ply	45.6968	49.1424	48.432	529088	1.006333	20.442	1723505
frame0140.ply	45.6547	48.9927	48.2872	542000	0.992618	20.439	1734680
frame0141.ply	45.7299	49.0906	48.4095	545528	0.976203	21.311	1781164
frame0142.ply	45.6968	49.1727	48.479	520384	0.955441	19.639	1701778
frame0143.ply	45.7547	49.2615	48.5442	534136	0.937937	21.276	1803982
frame0144.ply	45.7636	49.1541	48.4483	531048	1.22997	22.763	1813352
frame0145.ply	45.7829	49.1886	48.472	524136	1.24392	21.607	1791204
frame0146.ply	45.97	49.3538	48.6372	506736	1.229513	20.296	1791368
frame0147.ply	46.2049	49.429	48.6877	463456	1.100573	21.778	1829439
frame0148.ply	46.3101	49.4963	48.7551	411496	1.072503	20.222	1622114
frame0149.ply	46.2488	49.5422	48.8578	436072	0.819818	17.437	1678661
frame0150.ply	45.9697	49.3652	48.6725	459688	0.839982	19.809	1639835
frame0151.ply	45.6534	49.111	48.3971	478424	0.90055	19.059	1599201
frame0152.ply	45.6916	49.1323	48.4406	489416	0.896134	19.817	1609850
frame0153.ply	45.5843	49.0991	48.3623	528600	0.92927	19.649	1646680
frame0154.ply	45.3921	48.958	48.2087	535192	0.952268	19.43	1619814
frame0155.ply	45.2864	48.807	48.0553	559632	0.971851	17.623	1628047
frame0156.ply	45.2373	48.7136	47.9768	560888	1.018857	19.039	1600486
frame0157.ply	45.2587	48.7447	48.0278	553792	1.013393	18.828	1585697
frame0158.ply	45.2149	48.7766	48.0221	577816	1.038084	19.041	1603298
frame0159.ply	45.218	48.7323	47.9975	572176	1.030614	17.071	1582233
frame0160.ply	45.2201	48.7696	48.0331	573720	1.053592	18.833	1578493
frame0161.ply	45.1447	48.6193	47.8764	568280	1.045452	18.747	1575106
frame0162.ply	45.1697	48.6861	47.9354	578192	1.055631	18.718	1568870
frame0163.ply	45.2348	48.747	47.9728	575512	1.061621	16.63	1564761
frame0164.ply	45.2228	48.7233	47.9495	563280	1.045628	18.841	1568449
frame0165.ply	45.3548	48.9794	48.1855	530136	1.006742	17.818	1548509
frame0166.ply	45.3168	48.762	48.001	507736	0.987058	18.338	1529274
frame0167.ply	45.3425	48.8841	48.0918	515520	1.006575	17.962	1505385
frame0168.ply	45.3768	48.905	48.1261	505448	0.985871	17.984	1518619
frame0169.ply	45.3789	48.8578	48.1099	512968	1.329557	19.097	1506076
frame0170.ply	45.5149	49.0605	48.2784	494680	1.269182	19.139	1515259
frame0171.ply	45.4685	49.0649	48.27	518968	1.308797	19.779	1523747
frame0172.ply	45.4673	49.0982	48.2569	525640	1.298387	18.533	1602088
frame0173.ply	45.4359	48.9875	48.1368	555864	1.327711	21.503	1599728
frame0174.ply	45.4079	48.9792	48.1048	572144	8.292232	21.718	1662524
frame0175.ply	45.4481	48.9471	48.1135	561616	1.192702	21.651	1659483
frame0176.ply	45.5653	49.0565	48.2687	522976	1.0946844	21.464	1655922
frame0177.ply	45.6157	49.0875	48.2655	481424	1.111866	20.634	1585538
frame0178.ply	45.5422	49.0028	48.2218	520824	1.042243	20.918	1616878
frame0179.ply	45.5363	48.999	48.198	555488	1.021113	20.369	1648878
frame0180.ply	45.4503	48.7245	47.8963	573936	0.985065	20.012	1713016
frame0181.ply	45.439	48.7658	47.9306	615488	1.017864	22.045	1758141
frame0182.ply	45.3732	48.6932	47.8445	639016	1.367144	20.035	1793961
frame0183.ply	45.2822	48.6453	47.8485	668904	1.482105	22.927	1804630
frame0184.ply	45.3998	48.8276	48.0153	671120	1.4767	23.607	1856690
frame0185.ply	45.5877	49.1047	48.2901	591928	1.363738	21.065	1832835
frame0186.ply	45.6161	49.0775	48.1751	621376	1.341542	23.835	1908676
frame0187.ply	45.5865	49.082	48.1908	599416	1.326654	23.355	1841510
frame0188.ply	45.4614	48.9564	48.1329	626632	1.308549	24.478	1909681
frame0189.ply	45.5684	49.2163	48.3739	613944	0.962667	24.803	1928745
frame0190.ply	45.5732	49.1796	48.377	582336	0.929457	24.713	1932535
frame0191.ply	45.3569	49.0638	48.2375	616336	1.04275	24.412	1902914
frame0192.ply	45.3735	49.0638	48.263	626360	1.076279	25.133	1923681
frame0193.ply	45.4139	49.0118	48.2155	580896	1.000476	23.099	1854191
frame0194.ply	45.42	49.0347	48.2254	576072	0.958106	21.166	1821968
frame0195.ply	45.4492	49.1084	48.3288	582024	0.939395	21.65	1878150
frame0196.ply	45.4901	49.0598	48.2703	564816	0.91307	24.686	1892202
frame0197.ply	45.8093	49.331	48.5197	519144	1.177592	21.162	1828279
frame0198.ply	45.7187	49.1073	48.2806	499456	1.225633	21.844	1720276
frame0199.ply	45.7015	49.0679	48.2784	481336	0.917197	20.958	1646182
frame0200.ply	45.919	49.2769	48.4807	487800	0.857552	21.802	1737470
frame0201.ply	45.7279	49.0335	48.1934	464408	0.900757	19.897	1572065
frame0202.ply	45.7652	48.9746	48.1849	437688	0.939488	18.473	1455945
frame0203.ply	45.8775	49.1317	48.31	427464	0.855869	19.199	1516754
frame0204.ply	45.8401	49.0878	48.3177	431880	0.913868	18.454	1452889
frame0205.ply	45.9417	49.2465	48.4492	385544	0.661995	15.953	1357045
frame0206.ply	45.8767	49.1511	48.3864	375512	0.629297	15.991	1351352
frame0207.ply	45.8989	49.122	48.3375	348632	0.542952	14.904	1252768
frame0208.ply	45.9839	49.2782	48.5257	343632	0.5342	15.079	1257205
frame0209.ply	45.875	49.0987	48.3252	335344	0.569586	12.992	1255589
frame0210.ply	45.9418	49.2868	48.5045	341584	0.540289	14.572	1241275
frame0211.ply	46.0324	49.2841	48.4997	343136	0.548708	7.827	1290462
frame0212.ply	45.9318	49.2481	48.4671	345016	0.536683	7.411	1263069
frame0213.ply	45.9517	49.1871	48.4136	336952	0.539286	7.591	1292642
frame0214.ply	46.0138	49.2909	48.5061	342360	0.547461	7.614	1287902
frame0215.ply	46.0491	49.2946	48.5415	339832	0.520842	7.684	1309332
